INFO:kiwoom.core.ws_client:websocket connecting: wss://api.kiwoom.com:10000/api/dostk/websocket
INFO:kiwoom.core.ws_client:websocket connected
INFO:kiwoom.core.ws_client:websocket sending LOGIN packet
INFO:kiwoom.core.ws_client:websocket login acknowledged
INFO:kiwoom.core.ws_client:websocket received message
INFO:kiwoom.core.ws_client:websocket received message
INFO:kiwoom.core.ws_client:websocket closed
요약 조건검색식 일련번호 연속조회여부 연속조회키  응답코드 응답메시지
       2        N           0  None
검색결과데이터    종목코드                종목명     현재가 전일대비기호      전일대비     등락율   누적거래량      시가      고가      저가
A0018Z0       RISE 미국양자컴퓨팅  20,900      5 -00001460  -6,530  17,752  21,350  21,350  20,895
A002620            제일파마홀딩스   6,990      5 -00000160  -2,240   2,755   7,270   7,270   6,860
A002690               동일제강   1,317      5 -00000013    -980  50,673   1,413   1,413   1,308
A003060         에이프로젠바이오로직   2,550      5 -00000060  -2,300  78,994   2,880   2,880   2,545
A003465              유화증권우   2,865      5 -00000065  -2,220   3,371   3,230   3,230   2,825
A0040Y0       SOL 팔란티어커버드콜   8,367      5 -00000103  -1,220 437,678   8,460   8,460   8,350
A004690                삼천리 115,400      5 -00004500  -3,750   6,538 119,400 119,400 115,000
A005725                넥센우   4,265      5 -00000035    -810   3,876   4,350   4,350   4,210
A006090               사조오양   7,990      5 -00000170  -2,080  12,008   8,240   8,240   7,970
A006140              피제이전자   4,735      5 -00000265  -5,300  81,057   5,170   5,170   4,695
A0096D0         미래에셋비전스팩9호   1,992      5 -00000003    -150   2,140   1,996   1,996   1,990
A0097L0     KIWOOM 한국고배당&미  13,047      5 -00000343  -2,560  15,855  13,370  13,370  13,030
A0127V0 KIWOOM 미국S&P500 TO  11,255      5 -00000110    -970   8,871  14,770  14,770  11,185
A0128D0       PLUS 차이나항셍테크   8,065      5 -00000125  -1,530   4,787   8,360   8,360   8,040
A013120               동원개발   2,245      5 -00000040  -1,750  27,828   2,300   2,300   2,240
A0155M0    ACE 미국SMR원자력TOP   7,970      5 -00000465  -5,510 111,627   8,075   8,075   7,945
A016800                퍼시스  27,200      5 -00000750  -2,680     252  28,700  28,700  27,000
A0174B0     KoAct 글로벌AI메모리  16,565      5 -00000790  -4,550 145,645  17,215  17,215  16,400
A019660                글로본   1,799      5 -00000030  -1,640   7,798   1,977   1,977   1,795
A019685               대교우B     707      5 -00000048  -6,360 165,908     765     765     700
A023350             한국종합기술   4,235      5 -00000160  -3,640  24,723   4,660   4,660   4,225
A023810                 인팩   4,990      5 -00000100  -1,960  16,460   5,220   5,220   4,970
A028080             휴맥스홀딩스   5,710      5 -00000560  -8,930   5,755   6,700   6,700   5,660
A037400           우리엔터프라이즈     794      5 -00000076  -8,740 269,366     875     875     772
A038870             에코심플렉스   1,890      5 -00000090  -4,550  24,396   2,095   2,095   1,888
A043340               에쎈테크     773      5 -00000033  -4,090  76,219     827     827     771
A054930                 유신  18,655      5 -00000075    -400   7,217  19,130  19,130  18,520
A069330               유아이디     744      5 -00000132 -15,070 135,159     869     869     740
A070590               인티큐브   1,600      5 -00000054  -3,260   2,385   1,678   1,678   1,594
A078590              휴림에이텍   2,545      5 -00000240  -8,620 120,377   2,785   2,785   2,520
A084730               팅크웨어   6,920      5 -00000270  -3,760   4,949   7,270   7,270   6,900
A102370               케이옥션   2,605      5 -00000095  -3,520  46,918   2,825   2,825   2,565
A108675            LX하우시스우  15,700      5 -00000020    -130   1,073  16,430  16,430  15,650
A122690            서진오토모티브   1,740      5 -00000022  -1,250  33,656   1,799   1,799   1,700
A123840                 뉴온   3,180      5 -00000125  -3,780   2,042   3,820   3,820   3,125
A129260               인터지스   1,905      5 -00000024  -1,240  25,595   1,977   1,977   1,896
A134580              탑코미디어   1,192      2 000000017   1,450  55,586   1,287   1,287   1,152
A145995               삼양사우  30,600      3 000000000       0     215  31,150  31,150  30,300
A149980               하이로닉   5,380      2 000000200   3,860 201,427   5,980   5,980   5,320
A156100            엘앤케이바이오   5,000      2 000000030     600 297,103   6,000   6,000   4,825
A168330             내츄럴엔도텍   2,195      5 -00000090  -3,940  50,580   2,285   2,285   2,185
A192390               윈하이텍   1,733      5 -00000045  -2,530  26,311   1,857   1,857   1,695
A210980              SK디앤디  11,380      2 000000060     530  27,360  12,250  12,250  11,300
A247660             나노씨엠에스   3,430      5 -00000265  -7,170  23,721   3,895   3,895   3,400
A258790              소프트캠프   4,270      5 -00000440  -9,340  51,619   5,000   5,000   4,250
A274400            이노시뮬레이션   2,755      5 -00000135  -4,670   9,188   2,900   2,900   2,735
A275980      TIGER 글로벌4차산업  23,250      5 -00000780  -3,250   6,612  23,900  23,900  23,225
A276650       RISE 글로벌테크놀로  45,220      5 -00001230  -2,650  24,580  45,965  45,965  45,185
A344820             KCC글라스  21,900      5 -00000400  -1,790  21,077  22,600  22,600  21,850
A352940               인바이오   1,985      5 -00000030  -1,490  24,127   2,085   2,085   1,905
A419420      KODEX 미국클린에너지  11,895      5 -00000390  -3,170   7,732  12,285  12,285  11,680
A430690                 한싹   2,965      5 -00000170  -5,420  38,594   3,260   3,260   2,955
A456600      TIME 글로벌AI인공지  64,570      5 -00003065  -4,530 606,035  66,460  66,460  64,180
A461900     PLUS 미국테크TOP10  23,485      5 -00000500  -2,080   4,864  23,985  23,985  23,000
A462510               라메디텍   2,945      5 -00000095  -3,130   9,532   3,050   3,050   2,940
A466950     TIGER 글로벌AI액티브  38,040      5 -00002515  -6,200 255,408  39,940  39,940  37,755
A472220            신영스팩10호   2,095      5 -00000045  -2,100 129,698   2,145   2,145   2,075
A473460       KODEX 미국서학개미  25,985      5 -00001010  -3,740  62,104  26,435  26,435  25,880
A483330       ACE 마이크로소프트밸  15,310      5 -00000330  -2,110  26,357  15,485  15,485  15,305
A491010     TIGER 글로벌AI전력인  32,250      5 -00001475  -4,370 148,867  33,600  33,600  31,405
A492220           KB제31호스팩   2,015      5 -00000005    -250     489   2,025   2,025   2,010
A496120         ACE 코리아밸류업  35,810      5 -00002055  -5,430   7,496  37,555  37,555  35,640
Q580039   KB 레버리지 KOSPI 20 263,415      5 -00042935 -14,020  35,292 306,350 306,350 261,660
Q700035      하나 인버스 2X K방산  10,015      5 -00000655  -6,140  76,001  10,275  10,275   9,420
