
[외인기간별매매상위]
  순위    종목코드     종목명     현재가 전일대비기호  전일대비    매도호가    매수호가      거래량     순매수량     취득가능주식수
0  1  017670   SK텔레콤  +98000      2  +300  +98100  +98000  1018581  +113993  20,112,190
1  2  032640  LG유플러스  -15290      5  -270  -15290  -15280   923432   +84587  30,231,355
2  3  020560  아시아나항공   -7000      5  -110   -7010   -7000   173734   +50245  96,166,734
3  4  036420  콘텐트리중앙   -5610      5  -360   -5620   -5610   351606   +31102   5,539,092
4  5  037560  LG헬로비전   +2125      2    +5   +2125    2120   177751    +9055  34,648,846
5  6  053210  스카이라이프   -4380      5  -120   -4380   -4375   144551    +8834  20,032,560
6  7  126560   현대퓨처넷   -2980      5   -55   -2985   -2980   116759    +1187  52,666,304
