
[요약]
            순위1     순위2           순위3    기간중거래량
0  +25067313000  -30738  +25067282262  30767569

[종목별증권사순위]
    순위        회원사명        매수수량   매도수량     누적순매수수량
0    1     카카오페이증권  +989275000    -64  +989274936
1    2         메리츠  +984600000   -540  +984599460
2    3      유비에스증권  +971838000  -2290  +971835710
3    4        대  신  +969600000   -108  +969599892
4    5        LS증권  +878875000   -421  +878874579
5    6      NH투자증권  +853300000  -1671  +853298329
6    7        CIMB  +848075000    -11  +848074989
7    8     H S B C  +839425000   -241  +839424759
8    9       코리아에셋  +818850000     -0  +818850000
9   10        하나증권  +815725000   -338  +815724662
10  11       BNK증권  +791800000  -1970  +791798030
11  12        메릴린치  +787550000   -285  +787549715
12  13        한  양  +787375000     -9  +787374991
13  14      BNP파리바  +783975000    -75  +783974925
14  15         다이와  +772400000   -219  +772399781
15  16  C.L.S.A 증권  +733150000   -366  +733149634
16  17        신  영  +725950000   -275  +725949725
17  18        씨티그룹  +682600000  -1446  +682598554
18  19        미래에셋  +649525000  -2272  +649522728
19  20      다올투자증권  +637200000    -30  +637199970
20  21     IBK투자증권  +615775000    -46  +615774954
21  22      한국투자증권  +585175000  -1232  +585173768
22  23       아이엠증권  +582000000    -76  +581999924
23  24      JP모간서울  +519950000  -4028  +519945972
24  25       상상인증권  +507725000    -16  +507724984
25  26     케이프투자증권  +496500000    -24  +496499976
26  27      흥국증권중개  +491175000     -1  +491174999
27  28       골드만삭스  +488450000  -1826  +488448174
28  29        SK증권  +467000000   -120  +466999880
29  30        DB증권  +443675000   -242  +443674758
30  31        교  보  +427100000    -87  +427099913
31  32      우리투자증권  +406175000    -13  +406174987
32  33      신한투자증권  +335275000  -1433  +335273567
33  34       맥쿼리증권  +292200000   -211  +292199789
34  35       모건스탠리  +279250000  -1253  +279248747
35  36        삼  성  +277575000  -1397  +277573603
36  37        KB증권  +244300000  -1871  +244298129
37  38       넥스트증권  +235200000     -0  +235200000
38  39       현대차증권  +226950000   -174  +226949826
39  40        유  화  +222500000     -0  +222500000
40  41        리딩투자  +177600000    -24  +177599976
41  42         유안타  +153500000    -77  +153499923
42  43     디에스투자증권  +120275000    -10  +120274990
43  44        토  스   +88050000   -369   +88049631
44  45        한  화   +34850000  -1531   +34848469
45  46        키움증권   +17850000  -1771   +17848229
46  47      유진투자증권    +9675000   -263    +9674737
47  48        부  국     +475000    -12     +474988
