
[외인한도소진율증가상위]
       순위    종목코드                    종목명       현재가 전일대비기호   전일대비        거래량      보유주식수      취득가능주식수 기준한도소진율   한도소진율  소진율증가
0       1  252710       TIGER 200선물인버스2X      +135      2     +6  252555171  111285257  226,514,743  +25.19  +32.94  +7.76
1       2  123320             TIGER 레버리지  -141,340      5  -6030     567185      93014    2,606,986    0.00   +3.44  +3.44
2       3  123310              TIGER 인버스     +1330      2    +25    9438885    2509997   43,290,003   +3.52   +5.48  +1.97
3       4  465350  RISE 2차전지TOP10인버스(합성)    +16030      2   +565     565650     571727    2,028,273  +20.06  +21.99  +1.92
4       5  036420                 콘텐트리중앙     -5620      5   -350     351607     239600    5,539,092   +3.61   +4.15  +0.54
..    ...     ...                    ...       ...    ...    ...        ...        ...          ...     ...     ...    ...
995   996  025770                 한국정보통신     -8980      5   -400      94509   23871330   13,572,941  +63.75  +63.75   0.00
996   997  025820                   이구산업     -5400      5   -210     599348    1969841   31,472,159   +5.89   +5.89   0.00
997   998  025860                   남해화학     -7670      5   -300     629730    1944537   47,734,306   +3.91   +3.91   0.00
998   999  025870                  신라에스지     -3770      5    -30       8584      37014    3,962,986   +0.93   +0.93   0.00
999  1000  025880                  케이씨피드     -2680      5    -40      99888    2446460   14,269,398  +14.64  +14.64   0.00

[1000 rows x 12 columns]
