
[당일상위이탈원]
   매도이탈시간       매도수량      매도상위이탈원  매수이탈시간       매수수량      매수상위이탈원 조회일자 조회시간
0  141630  1,670,328         KB증권  114830  1,270,653       한국투자증권  017  003
1  134840  1,529,098      -JP모간서울  093724    307,595          메리츠  033  010
2  113118    880,444        -씨티그룹  092242    224,374      +JP모간서울  037  033
3  104513    657,884       -골드만삭스  090538    157,971      +유비에스증권  045  043
4  102628    634,877  -C.L.S.A 증권  090030      87636  +C.L.S.A 증권  041  041
5  101235    574,738       -모건스탠리                                  036     
6  091606    237,053        -메릴린치                                  044     
7  090155    107,337       신한투자증권                                  002
