
[거래대금상위]
          종목코드  현재순위  전일순위                 종목명         현재가 전일대비기호    전일대비    등락률        매도호가        매수호가     현재거래량     전일거래량        거래대금
0    005930_AL     1     1                삼성전자    -270,500      5   -5000  -1.81    -270,500    -270,500  53246687  55578031  14,542,583
1    000660_AL     2     2              SK하이닉스  -1,737,000      5   -8000  -0.46  -1,737,000  -1,736,000   7314629   7805248  12,725,080
2    122630_AL     3     4          KODEX 레버리지    -141,535      5   -6650  -4.49    -141,630    -141,535  20964166  19581527   2,997,015
3    009150_AL     4     8                삼성전기    +1052000      2  +65000  +6.59    +1052000    +1051000   2589165   1388280   2,616,180
4    069500_AL     5     5           KODEX 200    -111,835      5   -2480  -2.17    -111,835    -111,800  19214508  22841558   2,157,286
..         ...   ...   ...                 ...         ...    ...     ...    ...         ...         ...       ...       ...         ...
995  210780_AL   996  1020        TIGER 코스피고배당      -24015      5    -740  -2.99      -24025      -24000     38818     38955         936
996  003010_AL   997  1018                  혜인       -5650      5    -230  -3.91       -5670       -5650    163731    164702         931
997  071090_AL   998   822                하이스틸       -3665      5    -165  -4.31       -3670       -3655    254407    498092         923
998  456880_AL   999   849  ACE 미국달러SOFR금리(합성)      +13140      2     +25  +0.19      +13140      +13135     70154    131181         921
999  241590_AL  1000  1123            화승엔터프라이즈       -3985      5    -190  -4.55       -3990       -3985    227973    166658         920

[1000 rows x 13 columns]
