
[실시간종목조회순위]
        종목명 빅데이터 순위 순위 등락 순위 등락 부호    과거 현재가 기준가 대비 부호 기준가 대비 등락율 직전 기준 대비 부호 직전 기준 대비 등락율        일자      시간    종목코드
0       현대차       1     0        N  -586,000         5      -2.98           3         0.00  20260520  144700  005380
1      삼성전자       2    -1        -  -270,500         5      -1.81           3         0.00  20260520  144700  005930
2   DN오토모티브       3     0        N    -44150         5      -4.13           5        -0.11  20260520  144700  007340
3     삼성중공업       4     0        N    -27450         5      -3.85           3         0.00  20260520  144700  010140
4      다우기술       5     0        N    -41150         5      -3.52           2        +0.12  20260520  144700  023590
5    CJ ENM       6     0        N    -41350         5      -3.16           3         0.00  20260520  144700  035760
6      키움증권       7     0        N  -358,500         5      -5.03           3         0.00  20260520  144700  039490
7     현대백화점       8     0        N  -103,500         5      -4.17           2        +0.19  20260520  144700  069960
8      대덕전자       9     0        N  -130,900         5      -2.53           2        +0.15  20260520  144700  353200
9                10     0                  0         0       0.00           3               20260520  144700        
10               11     0                  0         0       0.00           3               20260520  144700        
11               12     0                  0         0       0.00           3               20260520  144700        
12               13     0                  0         0       0.00           3               20260520  144700        
13               14     0                  0         0       0.00           3               20260520  144700        
14               15     0                  0         0       0.00           3               20260520  144700        
15               16     0                  0         0       0.00           3               20260520  144700        
16               17     0                  0         0       0.00           3               20260520  144700        
17               18     0                  0         0       0.00           3               20260520  144700        
18               19     0                  0         0       0.00           3               20260520  144700        
19               20     0                  0         0       0.00           3               20260520  144700
