
[종목별투자자기관별]
           일자     현재가 대비기호    전일대비    등락율     누적거래량     누적거래대금   개인투자자  외국인투자자      기관계      금융투자      보험      투신   기타금융     은행    연기금등    사모펀드 국가   기타법인 내외국인
0    20241107  +58000    2    +700   +122   1105104      64153    1589  -61780    60190     25514       0       0  34613      4       0      58  0      0    1
1    20241106  +74800    1  +17200  +2986    435771      32422     -14      -7       20        87       0      -2    -14    -51       1       0  0      0    0
2    20241105  +65000    2   +6300  +1073    214670      13295    6814   -6754      -59         7     -35     -13    -19      1       0       0  0      0    0
3    20241101  +59700    2    +200    +34     42135       2402     447       2     -450      -467       0       0      0      1       0      15  0      1    0
4    20241031  +60100    2    +600   +101    172518      10320    -127    1585    -1867     -1977       6      -6      0     98       0      12  0    410    0
..        ...     ...  ...     ...    ...       ...        ...     ...     ...      ...       ...     ...     ...    ...    ...     ...     ... ..    ...  ...
995  20200826   56400    3       0      0  17651593    989,962  112375   63449  -181062  -111,945   -6546  -14434    960    996  -51201    1108  0   4793  445
996  20200825  +56400    2    +300    +53  14021705    790,968   43313   16766   -66300    -53142   12901  -20429    938    -61   -4066   -2442  0   6186   34
997  20200824  +56100    2    +200    +36  15055896    843,922   47064    9836   -66929     -8632   -1875  -24627    -22   1573  -26965   -6381  0   9831  198
998  20200821  +55900    2    +500    +90  21142288  1,190,753   26476   64290   -88684      -305    4688  -43166     78     25  -55599    5592  0  -2482  400
999  20200820  -55400    5   -2400   -415  30386029  1,709,572  315453  -22261  -296138  -152,362  -33960  -39175   -618  -1093  -52009  -16921  0   2350  596

[1000 rows x 20 columns]
