
[당일전일체결]
         시간       현재가   전일대비    대비율  우선매도호가단위  우선매수호가단위  체결거래량 전일대비기호     누적거래량     누적거래대금    체결강도 거래소구분
0    144918  -271,000  -4500  -1.63  -271,000  -270,500  +1500      5  29243049  7,975,494  102.96   KRX
1    144917  -271,000  -4500  -1.63  -271,000  -270,500   +189      5  29241549  7,975,088  102.95   KRX
2    144917  -271,000  -4500  -1.63  -271,000  -270,500    +62      5  29241360  7,975,037  102.95   KRX
3    144917  -271,000  -4500  -1.63  -271,000  -270,500    +34      5  29241298  7,975,020  102.95   KRX
4    144917  -271,000  -4500  -1.63  -271,000  -270,500     +9      5  29241264  7,975,011  102.95   KRX
..      ...       ...    ...    ...       ...       ...    ...    ...       ...        ...     ...   ...
995  144744  -271,000  -4500  -1.63  -271,000  -270,500     +1      5  29185665  7,959,949  102.70   KRX
996  144744  -271,000  -4500  -1.63  -271,000  -270,500    +68      5  29185664  7,959,948  102.70   KRX
997  144744  -271,000  -4500  -1.63  -271,000  -270,500     +1      5  29185596  7,959,930  102.70   KRX
998  144744  -271,000  -4500  -1.63  -271,000  -270,500    +10      5  29185595  7,959,930  102.70   KRX
999  144744  -270,500  -5000  -1.81  -271,000  -270,500     -1      5  29185585  7,959,927  102.70   KRX

[1000 rows x 12 columns]
