
[신용매매동향]
           일자     현재가 전일대비기호    전일대비       거래량       신규       상환          잔고         금액       대비   공여율   잔고율
0    20241101  +59700      2    +200     42135   784445   783374  16,743,179  1,012,927     1071  3.95  0.27
1    20241031  +60100      2    +600    172518  1168548  1881005  16,748,750  1,009,773  -712457  4.11  0.27
2    20241030  -59500      5   -7000     49376  1333602  1857183  17,478,546  1,049,508  -523581  4.80  0.28
3    20241029  -66500      5   -3700    936012  1265614  1130248  18,028,799  1,083,459   135366  4.89  0.29
4    20241028  +70200      2  +14200    207760  1965171   916495  17,903,381  1,080,969  1048676  6.23  0.29
..        ...     ...    ...     ...       ...      ...      ...         ...        ...      ...   ...   ...
995  20200821  +55900      2    +500  21142288   498452   503232   5,370,030    258,920    -4780  2.93  0.08
996  20200820  -55400      5   -2400  30386029   687940  1064068   5,374,827    258,490  -376128  2.70  0.08
997  20200819  -57800      5    -600  16930719   460814   570217   5,751,457    278,293  -109403  2.93  0.08
998  20200818  +58400      2    +400  25307825   643152   674500   5,861,052    282,777   -31348  2.90  0.09
999  20200814  -58000      5    -700  15672548   570969   700498   5,892,763    284,002  -129529  3.07  0.09

[1000 rows x 12 columns]
