
[가격급등락]
        종목코드 종목분류      종목명 전일대비기호    전일대비     등락률      기준가       현재가   기준대비      거래량     급등률
0     126730    0       코칩      1   +4650  +29.90    15110    +20200   5090  2165438  +33.69
1     382840   27       원준      2   +1050  +13.58     7400     +8780   1380  1396090  +18.65
2     009150    0     삼성전기      2  +72000   +7.29  967,000  +1059000  92000  1653341   +9.51
3     000990   30    DB하이텍      5    -700   -0.45  145,600  -156,600  11000   398789   +7.55
4     009155   17    삼성전기우      5   -6000   -1.59  347,500  -371,000  23500    59810   +6.76
...      ...  ...      ...    ...     ...     ...      ...       ...    ...      ...     ...
1995  014470    0       부방      5     -47   -3.76     1204     -1204      0   139383    0.00
1996  014580   30    태경비케이      5    -120   -2.69     4340     -4340      0   147012    0.00
1997  014825   25  동원시스템즈우      5     -40   -0.25    16110    -16110      0      609    0.00
1998  014910   17     성문전자      1    +720  +29.94     3125     +3125      0  5495486    0.00
1999  014915   12    성문전자우      1   +1475  +29.83     6420     +6420      0   108235    0.00

[2000 rows x 11 columns]
