
[일별거래상세]
           일자      종가 전일대비기호   전일대비     등락율       거래량       거래대금  장전거래량 장전거래비중     장중거래량   장중거래비중   장후거래량 장후거래비중       합계3   기간중거래량 체결강도 외인보유 외인비중 외인순매수  \
0    20241105  +65000      2  +6300  +10.73    214670      13295      0   0.00    214670  +100.00       0   0.00    214670    13295                        
1    20241101  +59700      2   +200   +0.34     42135       2402      0   0.00     38130   +90.49       0   0.00     42135     2402                        
2    20241031  +60100      2   +600   +1.01    172518      10320      0   0.00    172406   +99.94     112  +0.06    172518    10320                        
3    20241030  -59500      5  -7000  -10.53     49376       2448      1   0.00     49371   +99.99       0   0.00     49376     2448                        
4    20241029  -66500      5  -3700   -5.27    936012      46120      0   0.00    936005  +100.00       7   0.00    936012    46120                        
..        ...     ...    ...    ...     ...       ...        ...    ...    ...       ...      ...     ...    ...       ...      ...  ...  ...  ...   ...   
995  20200824  +56100      2   +200   +0.36  15055896    843,922  19830  +0.13  14965426   +99.40    9153  +0.06  15055896   843922                        
996  20200821  +55900      2   +500   +0.90  21142288  1,190,753   3896  +0.01  21044702   +99.54   41896  +0.19  21142288  1190753                        
997  20200820  -55400      5  -2400   -4.15  30386029  1,709,572  20302  +0.06  30093021   +99.04  116622  +0.38  30386029  1709572                        
998  20200819  -57800      5   -600   -1.03  16930719    988,996   1647   0.00  16773404   +99.07  123103  +0.72  16930719   988996                        
999  20200818  +58400      2   +400   +0.69  25307825  1,490,617  11672  +0.04  24844158   +98.17  384082  +1.51  25307825  1490617                        

    기관순매수 개인순매수 외국계 신용잔고율 프로그램 장전거래대금 장전거래대금비중     장중거래대금 장중거래대금비중 장후거래대금 장후거래대금비중  
0                                   0     0.00      13295  +100.00      0     0.00  
1                                   0     0.00       2162   +90.01      0     0.00  
2                                   0     0.00      10188   +98.72      7    +0.06  
3                                   0     0.00       2447   +99.99      0     0.00  
4                                   0     0.00      46120  +100.00      0     0.00  
..    ...   ...  ..   ...  ...    ...      ...        ...      ...    ...      ...  
995                              1108    +0.13    838,839   +99.40    513    +0.06  
996                               216    +0.01  1,185,293   +99.54   2342    +0.19  
997                              1173    +0.06  1,693,265   +99.05   6003    +0.35  
998                                96     0.00    979,897   +99.08   1999    +0.20  
999                               677    +0.04  1,461,084   +98.02   2123    +0.14  

[1000 rows x 30 columns]
