
[체결정보]
         시간       현재가   전일대비    대비율  우선매도호가단위  우선매수호가단위 체결거래량 sign     누적거래량             누적거래대금    체결강도 거래소구분
0    144749  -271,000  -4500  -1.63  -271,000  -270,500    +5    5  29186223  7,960,099,861,750  102.70   KRX
1    144749  -271,000  -4500  -1.63  -271,000  -270,500    +1    5  29186218  7,960,098,506,750  102.70   KRX
2    144749  -271,000  -4500  -1.63  -271,000  -270,500    +1    5  29186217  7,960,098,235,750  102.70   KRX
3    144749  -271,000  -4500  -1.63  -271,000  -270,500    +3    5  29186216  7,960,097,964,750  102.70   KRX
4    144748  -271,000  -4500  -1.63  -271,000  -270,500   +18    5  29186213  7,960,097,151,750  102.70   KRX
..      ...       ...    ...    ...       ...       ...   ...  ...       ...                ...     ...   ...
295  144713  -271,000  -4500  -1.63  -271,000  -270,500    +5    5  29174947  7,957,046,439,500  102.69   KRX
296  144713  -271,000  -4500  -1.63  -271,000  -270,500    +5    5  29174942  7,957,045,084,500  102.69   KRX
297  144713  -271,000  -4500  -1.63  -271,000  -270,500    +1    5  29174937  7,957,043,729,500  102.69   KRX
298  144713  -271,000  -4500  -1.63  -271,000  -270,500    +1    5  29174936  7,957,043,458,500  102.69   KRX
299  144713  -271,000  -4500  -1.63  -271,000  -270,500    +1    5  29174935  7,957,043,187,500  102.69   KRX

[300 rows x 12 columns]
