
[당일전일체결량]
       체결시간       체결가 전일대비기호   전일대비    등락율    체결량  누적거래량 누적거래대금
0    155831  -275,500      5  -5500  -1.96    -15  61736  18670
1    155826  -275,500      5  -5500  -1.96    -14  61721  18665
2    155752  -275,500      5  -5500  -1.96     -2  61707  18662
3    155750  -275,500      5  -5500  -1.96  -1089  61705  18661
4    155744  -275,500      5  -5500  -1.96  -1500  60616  18361
..      ...       ...    ...    ...    ...    ...    ...    ...
995  113035   +359500      2  +8000  +2.28     -8  11499   4140
996  113035   +360000      2  +8500  +2.42     +1  11491   4137
997  113034   +360000      2  +8500  +2.42     +5  11490   4136
998  113033   +359500      2  +8000  +2.28     -8  11485   4135
999  113033   +360000      2  +8500  +2.42     +5  11477   4132

[1000 rows x 8 columns]
