
[상하한가]
      종목코드 종목정보     종목명     현재가 전일대비기호    전일대비      등락률       거래량     전일거래량 매도잔량 매도호가    매수호가     매수잔량 횟수
0   004870   25  티웨이홀딩스    +400      1     +92   +29.87  13280629   3345605    0    0    +400  2110651  1
1   014910   17    성문전자   +3125      1    +720   +29.94   5495486   4127319    0    0   +3125   325718  1
2   014915   12   성문전자우   +6420      1   +1475   +29.83    108235     35556    0    0   +6420    22336  1
3   017900    0     광전자  +12450      1   +2870   +29.96  12725577   1807221    0    0  +12450   627787  1
4   066980   25   한성크린텍   +1890      1    +436   +29.99  14290448  18453141    0    0   +1890   827726  1
5   121850   15     코이즈   +2775      1    +640   +29.98    540016     47328    0    0   +2775   126926  1
6   126730    0      코칩  +20200      1   +4650   +29.90   2165415     69072    0    0  +20200    78320  1
7   142280    0  녹십자엠에스   +6310      1   +1450   +29.84  16737020  18066387    0    0   +6310   552447  1
8   185490   25     아이진   +2235      1    +513   +29.79  11318461   3165977    0    0   +2235   250243  1
9   225430    0   케이엠제약   +3035      1    +700   +29.98    391624    799072    0    0   +3035   277298  1
10  477850    0   마키나락스  +60000      1  +45000  +300.00    562630         0    0    0  +60000  2181107  1
