
[프로그램순매수상위50]
      순위    종목코드        종목명         현재가 등락기호    전일대비    등락율     누적거래량   프로그램매도금액   프로그램매수금액 프로그램순매수금액
0      1  005930       삼성전자    -271,000    5   -4500  -1.63  29252730  2,217,722  1,531,909  -685,813
1      2  000660     SK하이닉스  -1,737,000    5   -8000  -0.46   4780680  2,530,005  2,317,640  -212,365
2      3  012330      현대모비스     525,000    3       0   0.00    871792    249,716    112,965  -136,751
3      4  329180    HD현대중공업     +634000    2  +36000  +6.02    616604    190,680    116,440    -74240
4      5  000270         기아    -148,100    5   -6800  -4.39   1647056    145,138      79164    -65974
..   ...     ...        ...         ...  ...     ...    ...       ...        ...        ...       ...
145  146  081660     미스토홀딩스      -39150    5   -1150  -2.85    125389       3546       3123      -423
146  147  279570       케이뱅크       -5320    5    -150  -2.74   1406977       1672       1257      -415
147  148  194370  제이에스코퍼레이션      -11700    5    -360  -2.99     77161        758        345      -412
148  149  487570       HS효성      -54300    5   -1900  -3.38     16167        578        176      -402
149  150  004360         세방      -13930    5    -310  -2.18     63757        538        138      -400

[150 rows x 11 columns]
