
[장중투자자별매매차트]
          종목코드      종목명     현재가 대비기호   전일대비    등락률     거래량 개인투자자 외국인투자자  기관계 금융투자 보험  투신 기타금융 은행 연기금등 사모펀드 국가  기타법인
0    000010_AL    여수밤바다       0    3      0   0.00       0     0      0    0    0  0   0    0  0    0    0  0     0
1    000020_AL     동화약품   -5900    5   -140  -2.32  162926    19    -43   -3   -1  0   0    0  0    0   -2  0    38
2    000040_AL    KR모터스    -358    5    -13  -3.50  154074    14    -12    0    0  0   0    0  0    0    0  0     0
3    000050_AL       경방   -9710    5   -490  -4.80   87288   -12    -30   42    1  0   0    0  0   42    0  0   -11
4    000070_AL    삼양홀딩스  -58500    5  -1500  -2.50   22085   584    221  -24    2  0  -1    0  0  -24    0  0  -781
..         ...      ...     ...  ...    ...    ...     ...   ...    ...  ...  ... ..  ..  ... ..  ...  ... ..   ...
995  045390_AL    대아티아이   -3280    5   -100  -2.96  845125  -329    285    2    2  0   0    0  0    0    0  0    42
996  045510_AL    정원엔시스   -1011    5    -46  -4.35  205568  -162    159    0    0  0   0    0  0    0    0  0     0
997  045520_AL  크린앤사이언스   -2660    5    -65  -2.39   17612     3     -1    0    0  0   0    0  0    0    0  0     0
998  045660_AL      에이텍   -8770    5    -90  -1.02   43060   -20     20    0    0  0   0    0  0    0    0  0     0
999  045970_AL     코아시아   -4350    5   -195  -4.29   89282   329   -333    0    0  0   0    0  0    0    0  0     4

[1000 rows x 19 columns]
