
[신주인수권시세]
        종목코드           종목명       현재가 전일대비기호   전일대비     등락율   최우선매도호가   최우선매수호가   누적거래량        시가        고가      저가
0  J0036221D  KG모빌리티 122WR     -1040      5     -7   -0.67     -1040      -951     292     -1040     +1149   -1020
1  J0113321F      유니켐 41WR      -125      5     -8   -6.02      -125      -123  135901       133       133    -120
2  J0117901G       SKC 10R         0      3      0    0.00         0         0       0         0         0       0
3  J0180021D      유니슨 15WR         0      3      0    0.00         0         0       0         0         0       0
4  J0669721F      엘앤에프 7WR  -100,100      5  -9600   -8.75  -100,100  -100,000    3672  -109,600  -109,600  -98100
5  J0671721G       오텍 13WR      -999      5    -47   -4.49      -996      -987  204483     +1190     +1219    -961
6  J1099621D      앱토크롬 6WR        11      3      0    0.00        -0        -0       0        -0        -0      -0
7  J2901221D    DH오토리드 9WR         0      3      0    0.00         0         0       0         0         0       0
8  J4248701G     이뮨온시아 25R         0      3      0    0.00         0         0       0         0         0       0
9  J4623501G    이노스페이스 40R     -1776      5   -344  -16.23     -1776     -1775  362668     -2100     -2100   -1735
