
[체결강도시간별]
       체결시간       현재가    전일대비 전일대비기호    등락율     거래량     누적거래대금     누적거래량    체결강도  체결강도5분 체결강도20분 체결강도60분 거래소구분
0    144600  -270,500   -5000      5  -1.81   14431  7,947,842  29140909  102.62  102.68  102.09  100.77   KRX
1    144500  -270,750   -4750      5  -1.72   96847  7,943,937  29126478  102.64  102.71  102.01  100.74   KRX
2    144400  -270,500   -5000      5  -1.81   33765  7,917,742  29029631  102.72  102.74  101.93  100.71   KRX
3    144300  -270,500   -5000      5  -1.81   46893  7,908,599  28995866  102.63  102.74  101.84  100.68   KRX
4    144200  -271,500   -4000      5  -1.45   15934  7,895,897  28948973  102.82  102.70  101.76  100.65   KRX
..      ...       ...     ...    ...    ...     ...        ...       ...     ...     ...     ...     ...   ...
140  122600  -266,000   -9500      5  -3.45  124572  5,968,724  21823801   96.63   96.74    0.00    0.00   KRX
141  122500  -265,500  -10000      5  -3.63   40829  5,935,608  21699229   96.27    0.00    0.00    0.00   KRX
142  122400  -265,500  -10000      5  -3.63   75605  5,924,780  21658400   96.33    0.00    0.00    0.00   KRX
143  122300  -266,000   -9500      5  -3.45  106582  5,904,710  21582795   96.86    0.00    0.00    0.00   KRX
144  122200  -266,250   -9250      5  -3.36  140349  5,876,362  21476213   97.61    0.00    0.00    0.00   KRX

[145 rows x 13 columns]
