
[체결강도일별]
           일자       현재가    전일대비 전일대비기호     등락율 거래량     누적거래대금     누적거래량    체결강도  체결강도5분 체결강도20분 체결강도60분
0    20260520  -270,250   -5250      5   -1.91      7,948,039  29141638  102.62  185.21  243.53  186.82
1    20260519  -275,500   -5500      5   -1.96      8,425,001  30767569   19.94  170.70  243.12  193.44
2    20260518   +351500  +81000      1  +29.94           2812     12184  303.51  231.87  244.64  195.07
3    20260515  -266,000  -49000      5  -15.56           1772      6804  500.00  271.16  242.41  190.85
4    20260514   315,000       0      3    0.00              0         0    0.00  271.16  218.24  182.64
..        ...       ...     ...    ...     ...  ..        ...       ...     ...     ...     ...     ...
595  20231010    +66400    +400      2   +0.61      1,331,414  19889202  111.17   90.66   95.51   96.60
596  20231006    -66000    -700      5   -1.05        955,787  14386527   70.69   81.55   94.40   96.21
597  20231005    -66700    -800      5   -1.19      1,078,383  16108313   81.47   80.04   93.52   96.69
598  20231004    -67500    -900      5   -1.32      1,569,870  23361149  106.42   75.02   93.09   96.58
599  20230927    -68400    -200      5   -0.29      1,019,873  14886491   83.54   74.46   91.94   96.54

[600 rows x 12 columns]
