
[증권사별종목매매동향]
           일자     현재가 대비기호    전일대비    등락율     누적거래량     순매수수량     매수수량     매도수량
0    20241107  +58000    2    +700   1.22   1105104  -126,133    54341  180,474
1    20241106  +74800    1  +17200  29.86    435771    -23077    85066  108,143
2    20241105  +65000    2   +6300  10.73    214670   156,750  289,462  132,712
3    20241101  +59700    2    +200   0.34     42135    -36024    53523    89547
4    20241031  +60100    2    +600   1.01    172518   211,382  292,103    80721
..        ...     ...  ...     ...    ...       ...       ...      ...      ...
995  20200826   56400    3       0   0.00  17651593    -29339    32989    62328
996  20200825  +56400    2    +300   0.53  14021705      8920    25877    16957
997  20200824  +56100    2    +200   0.36  15055896      -760    17598    18358
998  20200821  +55900    2    +500   0.90  21142288  -123,154    43284  166,438
999  20200820  -55400    5   -2400  -4.15  30386029     45229  159,435  114,206

[1000 rows x 9 columns]
