
[주식일주월시분]
          날짜       시가       고가        저가        종가     대비    등락률       거래량       거래대금    외인보유    외인비중 외인순매수 기관순매수 개인순매수 신용잔고율      외국계      프로그램
0   20260520  +278000  +282500  -263,500  -271,000  -4500  -1.63  29133087  7,945,726  +48.42  +48.42     0                    -690219  -2509135
1   20260519  360,000  400,000   267,500  -275,500                30767569                                                                      
2   20260518  200,000  351,500   189,500   +351500                   12184                                                                      
3   20260515  278,500  278,500   249,500  -266,000                    6804                                                                      
4   20260514  315,000  315,000   315,000   315,000                       0                                                                      
5   20260513  315,000  583,000   315,000  -315,000                   56460                                                                      
6   20260512  594,000  595,000   449,000  -449,500                   19365                                                                      
7   20260511  765,000  765,000   550,000  -600,000                  140534                                                                      
8   20260508  500,000  770,000   440,000   +770000                    7142                                                                      
9   20260507  362,500  615,000   343,000   +615000                   19828                                                                      
10  20260506  377,000  490,000   377,000   +490000                   27309                                                                      
11  20260504  203,000  377,000   203,000   +377000                   71682                                                                      
12  20260430  180,000  290,000   158,500   +290000                    5582                                                                      
13  20260429  217,500  228,000   180,000   +226000                  150685                                                                      
14  20260428  226,500  290,500   213,000  -222,500                 1019461                                                                      
15  20260427  226,500  285,000   217,500   +226500                   86503                                                                      
16  20260424  198,900  258,500   192,000   +258500                  108333                                                                      
17  20260423  283,500  284,500   199,000  -199,100                   58177                                                                      
18  20260422  230,000  284,500   217,000   +284000                   76751                                                                      
19  20260421  210,500  226,000   210,000  -225,500                  542280                                                                      
20  20260420  218,000  312,500   218,000   +300000                   38712                                                                      
21  20260417  270,000  351,000   200,000   +295000                  235268                                                                      
22  20260416  273,000  280,000   173,500   +270000                   85618                                                                      
23  20260415  247,500  247,500   173,000   +247500                   86940                                                                      
24  20260414  189,400  338,000   189,400  -247,000                   98930                                                                      
25  20260413  323,000  329,000   241,500  -260,000                  201862                                                                      
26  20260410  225,500  330,000   225,500   +323000                  155056                                                                      
27  20260409  321,500  322,500   235,000  -236,500                   52305                                                                      
28  20260408  247,500  321,500   173,500   +321500                  125851                                                                      
29  20260407  135,200  249,000   134,200   +247500                 1207721
