
[요약]
  기관추정평균가 외인추정평균가
0   57289   59616

[종목별기관매매추이]
          일자      종가 대비기호    전일대비     등락율      거래량          기관기간누적  기관일별순매매수량            외인기간누적    외인일별순매매수량   한도소진율
0   20241107  +58000    2    +700   +1.22  1105104  1060095.000000  1,048,145  -74268514.000000     -321,775  +52.40
1   20241106  +74800    1  +17200  +29.86   435771    11950.000000       -118  -73946739.000000   -2,611,198  +52.41
2   20241105  +65000    2   +6300  +10.73   214670    12068.000000       -796  -71335541.000000   -2,848,671  +52.45
3   20241101  +59700    2    +200   +0.34    42135    12864.000000      -6091  -68486870.000000   -2,063,620  +52.53
4   20241031  +60100    2    +600   +1.01   172518    18955.000000     -28685  -66423250.000000   -2,059,308  +52.57
5   20241030  -59500    5   -7000  -10.53    49376    47640.000000       3450  -64363942.000000   -3,054,026  +52.60
6   20241029  -66500    5   -3700   -5.27   936012    44190.000000   -883,130  -61309916.000000      314,269  +52.65
7   20241028  +70200    2  +14200  +25.36   207760   927320.000000       1866  -61624185.000000      370,214  +52.65
8   20241025  -56000    5   -4200   -6.98   795068   925454.000000      30167  -61994399.000000   -5,811,796  +52.64
9   20241024  -60200    5  -14200  -19.09   103292   895287.000000      21834  -56182603.000000  -11,444,663  +52.74
10  20241023  +74400    2  +16700  +28.94   271710   873453.000000      32809  -44737940.000000        69322  +52.93
11  20241022  -57700    5   -5200   -8.27   282117   840644.000000    202,493  -44807262.000000   -4,832,158  +52.93
12  20241021  +62900    2   +1900   +3.11   585041   638151.000000    219,704  -39975104.000000     -391,499  +53.01
13  20241018  +61000    2   +1000   +1.67   191260   418447.000000      64633  -39583605.000000   -2,851,552  +53.02
14  20241017  -60000    5  -19300  -24.34   527527   353814.000000    185,904  -36732053.000000   -4,603,127  +53.06
15  20241016  +79300    2  +17900  +29.15    60618   167910.000000      26261  -32128926.000000   -4,128,027  +53.14
16  20241015  -61400    5   -3200   -4.95   128444   141649.000000      93413  -28000899.000000     -930,181  +53.21
17  20241014  +64600    2   +5300   +8.94   545546    48236.000000      15580  -27070718.000000   -1,605,638  +53.23
18  20241011   70800    0       0    0.00        0    32656.000000          0  -25465080.000000   -6,757,154  +53.25
19  20241010   70800    0       0    0.00        0    32656.000000          0  -18707926.000000   -5,405,290  +53.37
20  20241008  +70800    2   +9700  +15.88    93247    32656.000000        496  -13302636.000000   -4,367,326  +53.46
21  20241007  +61100    2    +300   +0.49   208701    32160.000000      32160   -8935310.000000   -8,935,310  +53.53
