
[금현물호가]
        체결가 전일 대비(원)    등락율 누적 거래량 누적 거래대금 거래량(체결량)    체결시간 전일대비기호 매도호가 매수호가 전일 거래량 대비 비율 전일 거래량 대비 순간 거래량 비율 체결강도 K.O 접근도 거래소구분
0   +218160     +300  +0.14  67121              104  094700      2                   0.00               +0.03                   
1   +218200     +340  +0.16  67017              108  094600      2                   0.00               +0.04                   
2   +218210     +350  +0.16  66909             2771  094500      2                   0.00               +1.03                   
3   +218210     +350  +0.16  64138              418  094400      2                   0.00               +0.15                   
4   +218200     +340  +0.16  63720              272  094300      2                   0.00               +0.10                   
5   +218180     +320  +0.15  63448              676  094200      2                   0.00               +0.25                   
6   +218190     +330  +0.15  62772              619  094100      2                   0.00               +0.23                   
7   +218170     +310  +0.14  62153              112  094000      2                   0.00               +0.04                   
8   +218170     +310  +0.14  62041             6440  093900      2                   0.00               +2.41                   
9   +218140     +280  +0.13  55601              219  093800      2                   0.00               +0.08                   
10  +218100     +240  +0.11  55382             1475  093700      2                   0.00               +0.55                   
11  +218040     +180  +0.08  53907              449  093600      2                   0.00               +0.16                   
12  +218040     +180  +0.08  53458               77  093500      2                   0.00               +0.02                   
13  +218060     +200  +0.09  53381              167  093400      2                   0.00               +0.06                   
14  +218020     +160  +0.07  53214             4058  093300      2                   0.00               +1.52                   
15  +218020     +160  +0.07  49156              801  093200      2                   0.00               +0.30                   
16  +218000     +140  +0.06  48355              604  093100      2                   0.00               +0.22                   
17  +218000     +140  +0.06  47751             2151  093000      2                   0.00               +0.80                   
18  +217880      +20  +0.01  45600             1638  092900      2                   0.00               +0.61                   
19  +217900      +40  +0.02  43962             1898  092800      2                   0.00               +0.71                   
20  +217900      +40  +0.02  42064              874  092700      2                   0.00               +0.32                   
21  217,860        0   0.00  41190             1243  092600      3                   0.00               +0.46                   
22  +217890      +30  +0.01  39947              943  092500      2                   0.00               +0.35                   
23  +217960     +100  +0.05  39004             1039  092400      2                   0.00               +0.38                   
24  +218010     +150  +0.07  37965             1126  092300      2                   0.00               +0.42                   
25  +218090     +230  +0.11  36839             3387  092200      2                   0.00               +1.26                   
26  +218150     +290  +0.13  33452             2998  092100      2                   0.00               +1.12                   
27  +218040     +180  +0.08  30454             4040  092000      2                   0.00               +1.51                   
28  +218020     +160  +0.07  26414              259  091900      2                   0.00               +0.09                   
29  +218080     +220  +0.10  26155              199  091800      2                   0.00               +0.07                   
30  +218080     +220  +0.10  25956             1955  091700      2                   0.00               +0.73                   
31  +218000     +140  +0.06  24001              545  091600      2                   0.00               +0.20                   
32  +217890      +30  +0.01  23456             3272  091500      2                   0.00               +1.22                   
33  +218090     +230  +0.11  20184              710  091400      2                   0.00               +0.26                   
34  +218150     +290  +0.13  19474             2763  091300      2                   0.00               +1.03                   
35  +218290     +430  +0.20  16711              271  091200      2                   0.00               +0.10                   
36  +218300     +440  +0.20  16440              633  091100      2                   0.00               +0.23                   
37  +218400     +540  +0.25  15807              335  091000      2                   0.00               +0.12                   
38  +218420     +560  +0.26  15472              200  090900      2                   0.00               +0.07                   
39  +218420     +560  +0.26  15272             5893  090800      2                   0.00               +2.20                   
40  +218310     +450  +0.21   9379              238  090700      2                   0.00               +0.08                   
41  +218330     +470  +0.22   9141             3705  090600      2                   0.00               +1.38                   
42  +218300     +440  +0.20   5436             2464  090500      2                   0.00               +0.92                   
43  +218290     +430  +0.20   2972              343  090400      2                   0.00               +0.12                   
44  +218360     +500  +0.23   2629              605  090300      2                   0.00               +0.22                   
45  +218460     +600  +0.28   2024              242  090200      2                   0.00               +0.09                   
46  +218710     +850  +0.39   1782              143  090100      2                   0.00               +0.05                   
47  +218760     +900  +0.41   1639             1639  090000      2                   0.00               +0.61
