
[금현물체결추이]
         체결가 전일 대비    등락율 누적 거래량         누적 거래대금 거래량(체결량)    체결시간 전일대비기호     매도호가     매수호가 전일 거래량 대비 비율 전일 거래량 대비 순간 거래량 비율   체결강도
0    +218180  +320  +0.15  67039  14,622,701,930       -7  094710      2  +218180  +218160       +25.11                0.00  79.24
1    +218200  +340  +0.16  67032  14,621,174,670       +3  094710      2  +218200  +218180       +25.11                0.00  79.25
2    +218200  +340  +0.16  67029  14,620,520,070       +1  094708      2  +218200  +218180       +25.11                0.00  79.24
3    +218200  +340  +0.16  67028  14,620,301,870       +1  094708      2  +218200  +218180       +25.11                0.00  79.24
4    +218200  +340  +0.16  67027  14,620,083,670       +1  094707      2  +218200  +218180       +25.11                0.00  79.24
..       ...   ...    ...    ...             ...      ...     ...    ...      ...      ...          ...                 ...    ...
995  +218060  +200  +0.09  28436   6,205,535,520       +5  092043      2  +218060  +218050       +10.65                0.00  65.68
996  +218050  +190  +0.09  28431   6,204,445,220       -1  092042      2  +218060  +218050       +10.65                0.00  65.65
997  +218050  +190  +0.09  28430   6,204,227,170      -42  092041      2  +218060  +218050       +10.65               +0.01  65.65
998  +218050  +190  +0.09  28388   6,195,069,070      +54  092040      2  +218060  +218050       +10.63               +0.02  65.82
999  +218030  +170  +0.08  28334   6,183,294,370     -865  092040      2  +218050  +218030       +10.61               +0.32  65.49

[1000 rows x 13 columns]
