
[금현물일별추이]
          종가   전일 대비     등락율 누적 거래량 누적 거래대금(백만)        시가        고가        저가        일자 전일대비기호 기관 순매수 수량 외국인 순매수 수량 순매매량(개인)
0    +150000    +440   +0.29    701         101   149,560   +150000  -134,720  20250820      2         0          0        0
1   -149,560     -50   -0.03    212          32  -149,560  -149,560  -149,550  20250819      5         0          0        0
2    +149610    +360   +0.24   2595         388   +149580   +149610   +149570  20250818      2         1          0       -1
3    +149250     +30   +0.02   5676         833   149,220   +149920  -134,300  20250814      2         1          0       -1
4   -149,220  -15920   -9.64   5510         822  -149,200  -149,260  -149,110  20250813      5        -4          0        4
5    +165140  +14990   +9.98   7126        1094   +165160   +165160  -135,140  20250812      2         0          0        0
6   -150,150   -2810   -1.84   2858         444   +165000   +165000  -150,100  20250811      5        -1          0        1
7   -152,960  -11690   -7.10  12807        2036   +170000   +170000  -150,000  20250808      5        -3          0        3
8   -164,650    -960   -0.58    894         147   +165940   +165960  -164,650  20250807      5         0          0        1
9    +165610    +660   +0.40     74          12  -164,600   +165610  -164,600  20250806      2         0          0        0
10  -164,950     -10   -0.01   1348         222  -150,790   +165300  -150,790  20250805      5         0          0        1
11  -164,960   -6490   -3.79    613         102   +172000   +172000  -156,230  20250804      5         0          0        0
12  -171,450   -2050   -1.18  12228        2094  -165,000  -171,660  -163,000  20250801      5       -20          0       19
13   +173500  +15770  +10.00    454          69  -149,000   +173500  -141,960  20250731      1        -3          0        3
14   +157730   +9660   +6.52   1286         206   148,070   +162870  -147,330  20250730      2        -1          0        1
15  -148,070    -270   -0.18  14762        2187   +148720   +163170  -147,490  20250729      5       -12          0        7
16  -148,340  -15020   -9.19   8397        1242  -147,270   +163550  -147,270  20250728      5        -3          0        4
17  -163,360   -2940   -1.77   8173        1375  -163,370   +168430  -163,360  20250725      5        -7          0        7
18   +166300     +40   +0.02   5061         835   166,260   +182880   166,260  20250724      2         0          0        0
19   +166260  +15110  +10.00   2804         464   151,150   +166260  -136,100  20250723      1         1          0        0
20   +151150    +750   +0.50   6921        1046   +151030   +165000   +151030  20250722      2         0          0       -1
21   +150400    +140   +0.09  17179        2752   +165280   +165280  -150,170  20250721      2         0          0        0
22   +150260    +900   +0.60   2538         381   +150000   +150260   +149410  20250718      2        -2          0        2
23  -149,360  -11640   -7.23    465          70  -150,650   161,000  -147,230  20250717      5         0          0        0
24   +161000  +11610   +7.77   1080         156  -145,000   +161000  -144,000  20250716      2         0          0        0
25  -149,390    -980   -0.65    316          47  -147,230  -149,550  -147,230  20250715      5         0          0        0
26   +150370   +2070   +1.40  17732        2666   +149920   +150420   +149810  20250714      2         0          0        0
27   +148300    +890   +0.60   1000         147   +148300   +148300   +148300  20250711      2         0          0        0
28   +147410   +1550   +1.06     40           6   +146820   +160000   +146820  20250710      2         0          0        0
29  -145,860    -870   -0.59    456          67  -146,250   +147240  -145,860  20250709      5         0          0        0
30  -146,730  -13270   -8.29   6955        1024  -146,600  -146,880  -146,440  20250708      5         0          0        0
31   +160000  +12770   +8.67      3           0   +160000   +160000   +160000  20250707      2         0          0        0
32  -147,230    -810   -0.55  13002        1919   +148050   +148070  -147,100  20250704      5        -5          0        5
33   +148040    +810   +0.55   1230         182   +147960   +148040   +147960  20250703      2        -1          0        1
34   +147230   +3330   +2.31    100          15   +147230   +147230   +147230  20250702      2         0          0        0
35  -143,900   -6220   -4.14     15           2  -144,000  -144,000  -143,900  20250701      5         0          0        0
36   +150120    +120   +0.08   4453         668  -149,990   +150120  -149,990  20250630      2         0          0        0
37  -150,000  -11080   -6.88    230          35   +161300   +161500  -150,000  20250627      5         0          0        0
38   +161080   +1080   +0.68      0           0   +161080   +161080   +161080  20250626      2         0          0        0
39   160,000       0    0.00   1000         150   160,000   160,000   160,000  20250625      0         0          0        0
40   +160000   +9900   +6.60   1000         150   +160000   +160000   +160000  20250624      2         0          0        0
41   +150100   +2090   +1.41   1001         148   +150100   +150100   +150100  20250623      2         0          0        0
42  -148,010   -1990   -1.33   6304         934  -148,470   +160000  -147,870  20250620      5         6          0       -6
43   147,510       0    0.00   2230         329   147,510   147,510  -141,000  20250613      3         0          0        0
44   +147510    +180   +0.12      0           0   +147510   +147510   +147510  20250612      2         0          0        0
45   +147330   +1960   +1.35      0           0   +147330   +147330   +147330  20250611      2         0          0        0
46   +145370    +420   +0.29      9           1   +145360   +145370   +145360  20250610      2         0          0        0
47  -144,950   -3030   -2.05      5           1  -144,950  -144,950  -144,950  20250609      5         0          0        0
48   147,980       0    0.00      0           0   147,980   147,980   147,980  20250605      0         0          0        0
