
[종목시간별프로그램매매추이]
          시간       현재가 대비기호   전일대비    등락율       거래량   프로그램매도금액   프로그램매수금액 프로그램순매수금액 프로그램순매수금액증감   프로그램매도수량   프로그램매수수량  프로그램순매수수량 프로그램순매수수량증감 기준가시간 대차거래상환주수합  \
0     144701  -270,000    5  -5500  -2.00  29159297  2,209,462  1,520,545  --688917       --529  8,063,484  5,559,168  --2504316      --1957                   
1     144653  -270,000    5  -5500  -2.00  29154746  2,208,496  1,520,108  --688388        +121  8,059,910  5,557,551  --2502359        +448                   
2     144647  -270,500    5  -5000  -1.81  29153766  2,208,461  1,519,952  --688509          +9  8,059,778  5,556,971  --2502807         +34                   
3     144640  -270,500    5  -5000  -1.81  29148507  2,208,255  1,519,737  --688518         +14  8,059,017  5,556,176  --2502841         +50                   
4     144633  -270,250    5  -5250  -1.91  29147549  2,208,159  1,519,627  --688532        --18  8,058,663  5,555,772  --2502891        --65                   
...      ...       ...  ...    ...    ...       ...        ...        ...       ...         ...        ...        ...        ...         ...   ...       ...   
1995  110323   +278500    2  +3000  +1.09  11401366  1,322,667    683,364  --639303         +39  4,787,098  2,469,558  --2317540        +141                   
1996  110316   +278250    2  +2750  +1.00  11399120  1,322,556    683,214  --639342        +189  4,786,701  2,469,020  --2317681        +680                   
1997  110308   +278500    2  +3000  +1.09  11397146  1,322,448    682,917  --639531       --422  4,786,313  2,467,952  --2318361      --1516                   
1998  110301   +278000    2  +2500  +0.91  11366523  1,320,466    681,357  --639109         +74  4,779,194  2,462,349  --2316845        +265                   
1999  110255   +278250    2  +2750  +1.00  11365618  1,320,465    681,282  --639183        +249  4,779,191  2,462,081  --2317110        +897                   

     잔고수주합 거래소구분  
0            KRX  
1            KRX  
2            KRX  
3            KRX  
4            KRX  
...    ...   ...  
1995         KRX  
1996         KRX  
1997         KRX  
1998         KRX  
1999         KRX  

[2000 rows x 18 columns]
