
[프로그램매매차익잔고추이]
           일자 매수차익거래수량 매수차익거래금액 매수차익거래증감액 매도차익거래수량 매도차익거래금액 매도차익거래증감액
0    20241125        0        0         0        0        1         0
1    20241122        0        0       -25        0        0         0
2    20241121        0       25        25        0        0         0
3    20241120        0        0       -48        0        0         0
4    20241119        0       48        43        0        0         0
..        ...      ...      ...       ...      ...      ...       ...
995  20200911     1091    58296   -189805     3623  193,575   -238046
996  20200910     4706  248,101     97550     8085  431,620    238786
997  20200909     2873  150,551    -61481     3626  192,834      3474
998  20200908     3945  212,032    127533     3535  189,360     60882
999  20200907     1598    84499    -50249     2437  128,478    -56544

[1000 rows x 7 columns]
