
[종목일별프로그램매매추이]
           일자       현재가 대비기호    전일대비     등락율       거래량   프로그램매도금액   프로그램매수금액 프로그램순매수금액 프로그램순매수금액증감   프로그램매도수량   프로그램매수수량  프로그램순매수수량 프로그램순매수수량증감 기준가시간  \
0    20260520  -271,000    5   -4500   -1.63  29175970  2,209,560  1,520,696  --688864    --690953  8,063,845  5,559,727  --2504118   --2511518         
1    20260519  -275,500    5   -5500   -1.96  30767569         20       2109     +2089       +3081         73       7473      +7400      +12015         
2    20260518   +351500    1  +81000  +29.94     12184       1648        656     --992      --1215       7252       2637     --4615      --5515         
3    20260515  -266,000    5  -49000  -15.56      6804        131        354      +223        +223        508       1408       +900        +900         
4    20260514         0    0       0    0.00         0          0          0         0       +3015          0          0          0      +11071         
..        ...       ...  ...     ...     ...       ...        ...        ...       ...         ...        ...        ...        ...         ...   ...   
195  20250725    -89600    5    -100   -0.11     74937         90         90         0       --925       1000       1000          0     --10285         
196  20250724    -89700    5    -600   -0.66    651183          0        925      +925        +925          0      10285     +10285      +10285         
197  20250723    +90300    2  +20300  +29.00    246123          0          0         0       --175          0          0          0      --2609         
198  20250722    +70000    2   +1800   +2.64    225961          0        175      +175        --98          2       2611      +2609      --1404         
199  20250721    -68200    5   -6800   -9.07    199303         14        287      +273      +12364        200       4213      +4013     +158689         

    대차거래상환주수합 잔고수주합 거래소구분  
0                     KRX  
1                     KRX  
2                     KRX  
3                     KRX  
4                     KRX  
..        ...   ...   ...  
195                   KRX  
196                   KRX  
197                   KRX  
198                   KRX  
199                   KRX  

[200 rows x 18 columns]
