
[프로그램매매추이]
       체결시간  차익거래매도  차익거래매수 차익거래순매수   비차익거래매도  비차익거래매수  비차익거래순매수 차익거래매도수량 차익거래매수수량 차익거래순매수수량 비차익거래매도수량 비차익거래매수수량 비차익거래순매수수량      전체매도      전체매수     전체순매수  \
0    144600  863641  938291  +74649  10431513  9533492  --898021     4394     4823      +429   120,863   118,816     --2047  11295154  10471783  --823372   
1    144500  863641  938291  +74649  10398892  9498382  --900509     4394     4823      +429   120,475   118,544     --1932  11262533  10436673  --825860   
2    144400  863641  938291  +74649  10369030  9472070  --896960     4394     4823      +429   120,063   118,284     --1779  11232672  10410361  --822311   
3    144200  863641  938291  +74649  10344824  9443205  --901618     4394     4823      +429   119,698   118,011     --1687  11208465  10381496  --826969   
4    144100  863641  938291  +74650  10310945  9417314  --893631     4394     4823      +429   119,316   117,715     --1602  11174586  10355604  --818982   
..      ...     ...     ...     ...       ...      ...       ...      ...      ...       ...       ...       ...        ...       ...       ...       ...   
290  085600       0       0       0        13        1      --12        0        0         0         0         0        --0        13         1      --12   
291  085500       0       0       0        13        1      --12        0        0         0         0         0        --0        13         1      --12   
292  085300       0       0       0        13        1      --12        0        0         0         0         0        --0        13         1      --12   
293  085200       0       0       0        13        1      --12        0        0         0         0         0        --0        13         1      --12   
294  085100       0       0       0        13        1      --12        0        0         0         0         0        --0        13         1      --12   

    KOSPI200 BASIS  
0    +111315  0.35  
1    +111238  1.07  
2    +111474  0.21  
3    +111713  0.27  
4    +111909  0.01  
..       ...   ...  
290        0        
291        0        
292        0        
293        0        
294        0        

[295 rows x 18 columns]
