
[프로그램매매추이]
               체결시간  차익거래매도  차익거래매수  차익거래순매수  비차익거래매도  비차익거래매수 비차익거래순매수 차익거래매도수량 차익거래매수수량 차익거래순매수수량 비차익거래매도수량 비차익거래매수수량 비차익거래순매수수량     전체매도     전체매수    전체순매수  \
0    20241125000000       1       0       -1        2        2        0        0        0        -0         0         0          0        3        2       -1   
1    20241122000000       0       0       -0       96      608     +512        0        0        -0         1         7         +6       96      608      512   
2    20241121000000       0      25      +25        0     2944    +2944        0        0        +0         0        85        +85        0     2970     2970   
3    20241120000000       0       0        0        0        1       +1        0        0         0         0         0         +0        0        1        1   
4    20241119000000       0      48      +48        0       53      +53        0        0        +0         0         0         +0        0      102      102   
..              ...     ...     ...      ...      ...      ...      ...      ...      ...       ...       ...       ...        ...      ...      ...      ...   
995  20200911000000  193575   58296  -135279  1482179  1140800  -341378     3623     1091     -2533     69344     57124     -12220  1675753  1199096  -476657   
996  20200910000000  431620  248101  -183519  2247114  1961738  -285375     8085     4706     -3379     81749     79096      -2654  2678734  2209839  -468894   
997  20200909000000  192834  150551   -42283  1883245  1481521  -401724     3626     2873      -753     80764     68040     -12725  2076079  1632072  -444007   
998  20200908000000  189360  212032   +22672  1756820  1286991  -469830     3535     3945      +410     80424     64094     -16330  1946180  1499023  -447157   
999  20200907000000  128478   84499   -43979  1546916  1277611  -269304     2437     1598      -839     71917     86097     +14180  1675394  1362111  -313283   

    KOSPI200   BASIS  
0    +344.40   -7.15  
1    +341.13   -8.48  
2    +364.03  -33.68  
3    +361.00  -31.00  
4    +345.84  -16.44  
..       ...     ...  
995  +316.45   -0.70  
996  +316.53    0.97  
997  +313.77   -0.42  
998  +317.38   -0.03  
999  +313.67   -0.12  

[1000 rows x 18 columns]
