
[요약]
     등락률  기간수익률
0  -4.36  -6.00

[테마구성종목]
     종목코드     종목명       현재가 등락기호    전일대비    등락율   누적거래량      매도호가 매도잔량      매수호가 매수잔량  기간수익률n
0  052420  오성첨단소재      1448    3       0   0.00       0         0    0         0    0    0.00
1  009830   한화솔루션    -39550    5   -1750  -4.24  995710    -39600  107    -39550  386   -1.86
2  004000  롯데정밀화학    -51100    5   -3300  -6.07   68495    -51300  432    -51100  190   -7.59
3  010060  OCI홀딩스  -273,500    5  -21000  -7.13  245211  -274,000   58  -273,000    8  -14.53
