
[요약]
     체결시간       현재가 대비기호   전일대비  거래량
0  144321  -112,140    5  -2175   -3
1  144321  -112,140    5  -2175   -3
2  144322  -112,135    5  -2180  -14
3  144322  -112,135    5  -2180  -14
4  144322  -112,120    5  -2195   -3
5  144322  -112,115    5  -2200   -3
6  144322  -112,115    5  -2200   -3
7  144322  -112,115    5  -2200   -3
8  144323  -112,110    5  -2205   -3
9  144323  -112,110    5  -2205   -3

[ETF순매수수량배열]
           일자      현재가n 대비기호n   전일대비n     누적거래량     외인순매수수량   기관순매수수량
0    20260520  -112,140     5   -2175  19152588           0         0
1    20260519  -114,315     5   -3525  22841558       --890  --356870
2    20260518  -116,165     5   -1035     56062   --6023308    --1325
3    20260515   +130000     2   +2305      2086   --6196242       +94
4    20260514   +127695     2  +20315      5431   --7226688       +13
..        ...       ...   ...     ...       ...         ...       ...
195  20250725    -41000     5  -15150      5550      +52217     --108
196  20250724    +56150     1  +12955      3778  --54631006     --181
197  20250723    +43195     2   +2035     70954  --54569433   --64579
198  20250722    -41160     5   -6840      3770  --54373321     --496
199  20250721    +48000     2   +3675      6249  --53565718     +1101

[200 rows x 7 columns]
