
[요약]
         종목명  ETF대상지수명 원주가격 ETF과세유형 ETN과세유형
0  KODEX 200  KOSPI200   10     비과세     비과세
1  KODEX 200  KOSPI200   10     비과세     비과세
2  KODEX 200  KOSPI200   10     비과세     비과세
3  KODEX 200  KOSPI200   10     비과세     비과세
4  KODEX 200  KOSPI200   10     비과세     비과세
5  KODEX 200  KOSPI200   10     비과세     비과세
6  KODEX 200  KOSPI200   10     비과세     비과세
7  KODEX 200  KOSPI200   10     비과세     비과세
8  KODEX 200  KOSPI200   10     비과세     비과세
9  KODEX 200  KOSPI200   10     비과세     비과세

[ETF시간대별추이]
         시간        종가 대비기호   전일대비    등락율       거래량         NAV 거래대금  NAV지수 NAVETF    추적     추적지수 추적지수전일대비 추적지수전일대비기호
0    144313  -112,115    5  -2200  -1.92  19151387  -112243.46    0  +0.57  -0.11  0.40  -111608    -1634          5
1    144312  -112,085    5  -2230  -1.95  19151382  -112258.11    0  +0.58  -0.15  0.40  -111608    -1634          5
2    144311  -112,105    5  -2210  -1.93  19149173  -112221.97    0  +0.58  -0.10  0.40  -111572    -1670          5
3    144310  -112,120    5  -2195  -1.92  19148628  -112228.69    0  +0.59  -0.10  0.40  -111570    -1672          5
4    144309  -112,080    5  -2235  -1.96  19148523  -112223.04    0  +0.59  -0.13  0.40  -111567    -1675          5
..      ...       ...  ...    ...    ...       ...         ...  ...    ...    ...   ...      ...      ...        ...
195  143958  -112,550    5  -1765  -1.54  19056744  -112664.70    0  +0.58  -0.10  0.40  -112011    -1231          5
196  143957  -112,550    5  -1765  -1.54  19055174  -112663.39    0  +0.66  -0.10  0.40  -111929    -1313          5
197  143956  -112,550    5  -1765  -1.54  19055174  -112564.93    0  +0.57  -0.01  0.40  -111929    -1313          5
198  143955  -112,530    5  -1785  -1.56  19054968  -112650.75    0  +0.65  -0.11  0.40  -111925    -1317          5
199  143954  -112,535    5  -1780  -1.56  19054836  -112577.91    0  +0.58  -0.04  0.40  -111925    -1317          5

[200 rows x 14 columns]
