
[ETF일별추이]
         체결일자       현재가 대비기호    전일대비     대비율       거래량         NAV     누적거래대금 NAV/지수괴리율 NAV/ETF괴리율 추적오차율     추적현재가 추적전일대비 추적대비기호
0    20260520  -112,135    5   -2180   -1.91  19146780  -112306.32  2,149,702     +0.58      -0.15    40  -111,655  -1587      5
1    20260519  -114,315    5   -3525   -2.99  22841558  -113905.17  2,606,373     +0.59      +0.36    40  -113,242  -3888      5
2    20260518  -116,165    5   -1035   -0.88     56062  +117819.77       6545     -1.50      -1.42     0   +119611  +3372      2
3    20260515   +130000    2   +2305   +1.81      2086  -116936.58        219     +3.38     +10.05     0   +113115     +3      2
4    20260514   +127695    2  +20315  +18.92      5431  +125053.29        691    +10.56      +2.07     0   +113112  +6327      2
..        ...       ...  ...     ...     ...       ...         ...        ...       ...        ...   ...       ...    ...    ...
295  20250210    -34270    5      -5   -0.01    612302   +33606.52      19843    +19.66      +1.94     0    -28086   -166      5
296  20250207    -34275    5      -5   -0.01     76515   -33542.02       2623    +18.72      +2.14     0    +28252   +704      2
297  20250206    -34280    5      -5   -0.01     97530   +33800.81       3343    +22.70      +1.40     0    -27548  -1898      5
298  20250205    +34285    2      +5   +0.01    355411   +33401.60      12324    +13.43      +2.58     0    +29446  +1306      2
299  20250204    +34280    2      +5   +0.01     23577   +33026.98        808    +17.37      +3.66     0    -28140   -436      5

[300 rows x 14 columns]
