
[ETF시간대별추이]
          현재가 대비기호    전일대비       거래량      외인순매수
0    -112,080    5   -2235  19158862          0
1    -114,315    5   -3525  22841558      --890
2    -116,165    5   -1035     56062  --6023308
3     +130000    2   +2305      2086  --6196242
4     +127695    2  +20315      5431  --7226688
..        ...  ...     ...       ...        ...
995    +37080    2    +480   5619747   +5476753
996    +36600    2    +350   6866201   +2026673
997    +36250    2    +945  11148433  --1232995
998    -35305    5   -1205  10446225     +25771
999    -36570    5    -115   5888382    --89036

[1000 rows x 5 columns]
