
[요약]
  종목분류        종목명  ETF대상지수명 ETF대상지수코드 대상지수대비율 원주가격
0   19  KODEX 200  KOSPI200       201  100.00   10
1   19  KODEX 200  KOSPI200       201  100.00   10
2   19  KODEX 200  KOSPI200       201  100.00   10
3   19  KODEX 200  KOSPI200       201  100.00   10
4   19  KODEX 200  KOSPI200       201  100.00   10
5   19  KODEX 200  KOSPI200       201  100.00   10
6   19  KODEX 200  KOSPI200       201  100.00   10
7   19  KODEX 200  KOSPI200       201  100.00   10
8   19  KODEX 200  KOSPI200       201  100.00   10
9   19  KODEX 200  KOSPI200       201  100.00   10

[ETF시간대별체결배열]
       체결시간       현재가 대비기호   전일대비   거래량 거래소구분
0    144317  -112,145    5  -2170    +4   KRX
1    144317  -112,145    5  -2170    +1   KRX
2    144316  -112,125    5  -2190    -1   KRX
3    144316  -112,125    5  -2190   -66   KRX
4    144316  -112,150    5  -2165    +1   KRX
..      ...       ...  ...    ...   ...   ...
195  144301  -112,180    5  -2135   -57   KRX
196  144301  -112,180    5  -2135    -1   KRX
197  144301  -112,180    5  -2135   -17   KRX
198  144301  -112,185    5  -2130   +10   KRX
199  144301  -112,180    5  -2135  -100   KRX

[200 rows x 6 columns]
