
[요약]
  대차거래체결주수합 대차거래상환주수합 잔고주수합 잔고금액합 대차거래체결주수비율 대차거래상환주수비율 잔고주수비율 잔고금액비율
0   3383301    764254     0     0       7071       3196      0      0

[대차거래상위10종목]
        종목명    종목코드 대차거래체결주수 대차거래상환주수 잔고주수 잔고금액
0      삼부토건  001470  1209600        0    0    0
1      삼성전자  005930   681807   304467    0    0
2    SK하이닉스  000660   297431   208222    0    0
3      현대건설  000720   230866      301    0    0
4    아시아나항공  020560   227000        0    0    0
5     한화솔루션  009830   182289     2391    0    0
6     한미반도체  042700   174510        1    0    0
7  LG에너지솔루션  373220   128082   148781    0    0
8      현대제철  004020   127285        3    0    0
9   두산에너빌리티  034020   124431   100088    0    0
