
[대차거래추이]
          일자 대차거래체결주수  대차거래상환주수     대차거래증감         잔고주수       잔고금액
0   20250430  1210354   2693108   -1482754   98,242,435  5,452,455
1   20250429   502018   1022714    -520696   99,725,189  5,564,666
2   20250428   958772   3122807   -2164035  100,245,885  5,593,720
3   20250425  1504273   5217540   -3713267  102,409,920  5,704,233
4   20250424  1803312   6076301   -4272989  106,123,187  5,911,062
5   20250423  1041381  11197160  -10155779  110,396,176  6,149,067
6   20250422  2416988   1782001     634987  120,551,955  6,630,358
7   20250421  1721003   5374438   -3653435  119,916,968  6,643,400
8   20250418   444203   1585418   -1141215  123,570,403  6,833,443
9   20250417  1016999   1055746     -38747  124,711,618  6,871,610
10  20250416   693184    455920     237264  124,750,365  6,823,845
11  20250415   928194    795508     132686  124,513,101  7,047,442
12  20250414  2018464   2860182    -841718  124,417,115  6,992,242
13  20250411   981278   1703392    -722114  125,258,833  6,914,288
14  20250410  2580995   2529100      51895  125,980,947  7,105,325
15  20250409        0         0          0            0          0
16  20250408        0         0          0            0          0
17  20250407        0         0          0            0          0
18  20250404  3214517   1923203    1291314  121,057,385  6,791,319
19  20250403  4582221   1285971    3296250  119,766,071  6,898,526
20  20250402  5225414   3918597    1306817  116,469,821  6,848,425
21  20250401  4930927   2954823    1976104  115,163,004  6,771,585
