
[대차거래내역]
             종목명    종목코드 대차거래체결주수 대차거래상환주수        잔고주수       잔고금액
0           에코프로  086520    20262     3493  12,812,813  1,026,306
1         에코프로비엠  247540   336116   145001   9,689,378  1,644,287
2            HLB  028300    55055    68866   9,341,419    595,983
3         SFA반도체  036540     6704    16000   7,167,500      25803
4    엔케이젠바이오텍코리아  182400        0     6500   6,730,107      13595
..           ...     ...      ...      ...         ...        ...
262     지앤비에스 에코  382800     1609    18577        5634         18
263          샌즈랩  411080     1101        0        3430         24
264      아이엠비디엑스  461030        0      372        2341         33
265       디앤디파마텍  347850      270        0        1192         49
266        삼목에스폼  018310        0       55        1067         22

[267 rows x 6 columns]
