
[계좌수익률]
   일자    종목코드                  종목명         현재가        매입가         매입금액  보유수량 당일매도손익 당일매매수수료 당일매매세금 신용구분       대출일  결제잔고 청산가능수량 신용금액 신용이자       만기일
0      005930                 삼성전자    -270,750      67310  114,493,763  1701      0       0      0   00  00000000  1701   1701    0    0  00000000
1      010140                삼성중공업      -27500       7764    5,519,860   711      0       0      0   00  00000000   711    711    0    0  00000000
2      0106J0  대신 KOSPI200인덱스 X클래스      -20360      22866      228,658    10      0       0      0   00  00000000    10     10    0    0  00000000
3      030000                 제일기획      -18640      19259      308,150    16      0       0      0   00  00000000    16     16    0    0  00000000
4      030200                   KT      +55600      68636      755,000    11      0       0      0   00  00000000    11     11    0    0  00000000
5      039490                 키움증권    -360,500    233,058    1,398,350     6      0       0      0   00  00000000     6      6    0    0  00000000
6      088980               맥쿼리인프라      -11020      12944      207,106    16      0       0      0   00  00000000    16     16    0    0  00000000
7      094800                맵스리얼티       -5520       4470      134,100    30      0       0      0   00  00000000    30     30    0    0  00000000
8      102110            TIGER 200    -112,125      40964    4,096,435   100      0       0      0   00  00000000   100    100    0    0  00000000
9      215000                  골프존      -44350      59800      299,000     5      0       0      0   00  00000000     5      5    0    0  00000000
10     330590                 롯데리츠       -3820       3973      242,360    61      0       0      0   00  00000000    61     61    0    0  00000000
11     459580    KODEX CD금리액티브(합성)  -1,075,112  1,066,700    2,133,400     2      0       0      0   00  00000000     2      2    0    0  00000000
12     520078  미래에셋 미국 제약 TOP3 ETN      +13340      10245        10245     1      0       0      0   00  00000000     1      1    0    0  00000000
13     580058    KB KIS CD금리투자 ETN      +53380      36835    3,683,500   100      0       0      0   00  00000000   100    100    0    0  00000000
