
[요약]
         총매입금액        총평가금액      총평가손익금액 총수익률(%)           추정예탁자산 총대출금 총융자금액 총대주금액
0  133,729,928  504,775,695  369,980,938  276.66  100,434,510,600    0     0     0

[계좌평가잔고개별합산]
       종목번호                  종목명         평가손익  수익률(%)        매입가       전일종가   보유수량 매매가능수량        현재가 전일매수수량 전일매도수량 금일매수수량 금일매도수량         매입금액   매입수수료  \
0   A005930                 삼성전자  343,821,027  299.72     67,399    282,000  1,702  1,702    270,000      0      0      1      0  114,713,763  17,200   
1   A010140                삼성중공업   14,450,942  261.80      7,763     31,250    711    711     28,150      0      0      0      0    5,519,860     820   
2   A0106J0  대신 KOSPI200인덱스 X클래스      -15,146   -6.62     22,865     21,400     10     10     21,400      0      0      0      0      228,658      30   
3   A030000                 제일기획        8,896    2.89     19,259     19,860     16     16     19,860      0      0      0      0      308,150      40   
4   A030200                   KT     -206,290  -27.32     68,636     50,000     11     11     50,000      0      0      0      0      755,000     110   
5   A039490                 키움증권    1,636,916  117.06    233,058    507,000      6      6    507,000      0      0      0      0    1,398,350     200   
6   A088980               맥쿼리인프라      -17,934   -8.66     12,944     11,850     16     16     11,850      0      0      0      0      207,106      30   
7   A094800                맵스리얼티       34,423   25.67      4,470      5,630     30     30      5,630      0      0      0      0      134,100      20   
8   A102110            TIGER 200    8,526,065  208.13     40,964    126,250    100    100    126,250      0      0      0      0    4,096,435     610   
9   A215000                  골프존       -1,676   -0.56     59,800     59,600      5      5     59,600      0      0      0      0      299,000      40   
10  A330590                 롯데리츠        9,310    3.84      3,973      4,135     61     61      4,135      0      0      0      0      242,361      30   
11  A459580    KODEX CD금리액티브(합성)       80,330    3.77  1,066,700  1,107,190      2      2  1,107,190      0      0      0      0    2,133,400     320   
12  Q520078  미래에셋 미국 제약 TOP3 ETN        2,925   28.55     10,245     13,170      1      1     13,170      0      0      0      0       10,245       0   
13  Q580058    KB KIS CD금리투자 ETN    1,651,150   44.83     36,835     53,360    100    100     53,360      0      0      0      0    3,683,500     550   

           평가금액   평가수수료       세금    수수료합 보유비중(%) 신용구분 신용구분명 대출일  
0   459,540,000  68,930  919,080  86,130   85.78   00            
1    20,014,650   3,000   40,028   3,820    4.13   00            
2       214,000      30      428      60    0.17   00            
3       317,760      40      634      80    0.23   00            
4       550,000      80    1,100     190    0.56   00            
5     3,042,000     450    6,084     650    1.05   00            
6       189,600      20      378      50    0.15   00            
7       168,900      20      337      40    0.10   00            
8    12,625,000   1,890        0   2,500    3.06   00            
9       298,000      40      596      80    0.22   00            
10      252,235      30      504      60    0.18   00            
11    2,214,380     330        0     650    1.60   00            
12       13,170       0        0       0    0.01   00            
13    5,336,000     800        0   1,350    2.75   00
