
[요약]
   계좌명  지점명             예수금        D+2추정예수금      유가잔고평가액          예탁자산평가액        총매입금액           추정예탁자산 매도담보대출금 당일투자원금 당월투자원금 누적투자원금 당일투자손익 당월투자손익 누적투자손익  \
0  이재혁  영업부  99,930,999,764  99,930,779,734  503,710,866  100,435,555,429  133,729,928  100,434,510,600       0      0      0      0      0      0      0   

  당일손익율 당월손익율 누적손익율  
0  0.00  0.00  0.00  

[종목별계좌평가현황]
       종목코드                  종목명   보유수량       평균단가        현재가         평가금액         손익금액       손익율 대출일         매입금액   결제잔고 전일매수수량 전일매도수량 금일매수수량 금일매도수량
0   A005930                 삼성전자  1,702     67,399    270,000  458,534,790  343,821,027  299.7208      114,713,763  1,701      0      0      1      0
1   A010140                삼성중공업    711      7,763     28,150   19,970,802   14,450,942  261.7991        5,519,860    711      0      0      0      0
2   A0106J0  대신 KOSPI200인덱스 X클래스     10     22,865     21,400      213,512      -15,146   -6.6239          228,658     10      0      0      0      0
3   A030000                 제일기획     16     19,259     19,860      317,046        8,896    2.8869          308,150     16      0      0      0      0
4   A030200                   KT     11     68,636     50,000      548,710     -206,290  -27.3232          755,000     11      0      0      0      0
5   A039490                 키움증권      6    233,058    507,000    3,035,266    1,636,916  117.0605        1,398,350      6      0      0      0      0
6   A088980               맥쿼리인프라     16     12,944     11,850      189,172      -17,934   -8.6593          207,106     16      0      0      0      0
7   A094800                맵스리얼티     30      4,470      5,630      168,523       34,423   25.6696          134,100     30      0      0      0      0
8   A102110            TIGER 200    100     40,964    126,250   12,622,500    8,526,065  208.1338        4,096,435    100      0      0      0      0
9   A215000                  골프존      5     59,800     59,600      297,324       -1,676   -0.5605          299,000      5      0      0      0      0
10  A330590                 롯데리츠     61      3,973      4,135      251,671        9,310    3.8414          242,361     61      0      0      0      0
11  A459580    KODEX CD금리액티브(합성)      2  1,066,700  1,107,190    2,213,730       80,330    3.7654        2,133,400      2      0      0      0      0
12  Q520078  미래에셋 미국 제약 TOP3 ETN      1     10,245     13,170       13,170        2,925   28.5505           10,245      1      0      0      0      0
13  Q580058    KB KIS CD금리투자 ETN    100     36,835     53,360    5,334,650    1,651,150   44.8256        3,683,500    100      0      0      0      0
