
[업종별순매수]
      업종코드        업종명         현재가 대비부호     전일대비  등락율   거래량 증권순매수 보험순매수 투신순매수 은행순매수 종신금순매수 기금순매수 기타법인순매수 개인순매수 외국인순매수 내국인대우외국인순매수 국가순매수 사모펀드순매수 기관계순매수
0   001_AL  종합(KOSPI)     +265381    2    +9030  352  1164  +255    +0    +0    +0   +346    +0      +0   +17   -622          +4    +0      +1   +601
1   002_AL        대형주     +265964    2   +10690  419  1145  +255    +0    +0    +0   +346    +0      +0   +16   -622          +4    +0      +1   +602
2   003_AL        중형주     +287024    2     +792   28    18    -0    +0    +0    +0     +0    +0      +0    +0     +0          -0    +0      +0     -0
3   004_AL        소형주     +219137    2     +321   15     1    +0    +0    +0    +0     +0    +0      +0    +0     +0          +0    +0      +0     +0
4   005_AL     음식료/담배     +389503    2    +4523  117     6    +0    +0    +0    +0     +0    +0      +0    +0     +0          +0    +0      +0     +0
5   006_AL      섬유/의류       22581    3        0    0     0    +0    +0    +0    +0     +0    +0      +0    +0     +0          +0    +0      +0     +0
6   007_AL      종이/목재       26497    3        0    0     0    +0    +0    +0    +0     +0    +0      +0    +0     +0          +0    +0      +0     +0
7   008_AL         화학     +377252    2    +4312  116     1    +0    +0    +0    +0     +0    +0      +0    +0     +0          +0    +0      +0     +0
8   009_AL         제약    +1618961    2    +4444   28    26    -1    +0    +0    +0     +0    +0      +0    +0     +0          +0    +0      +0     -1
9   010_AL        비금속     393,371    3        0    0     0    +0    +0    +0    +0     +0    +0      +0    +0     +0          +0    +0      +0     +0
10  011_AL         금속     +579608    2     +545    9     0    +0    +0    +0    +0     +0    +0      +0    +0     +0          +0    +0      +0     +0
11  012_AL      기계/장비     +131741    2    +1429  110     0    +0    +0    +0    +0     +0    +0      +0    +0     +0          +0    +0      +0     +0
12  013_AL      전기/전자    +2561316    2  +154581  642  1106  +255    +0    +0    +0   +346    +0      +0   +16   -618          +0    +0      +1   +602
13  014_AL    의료/정밀기기     133,821    3        0    0     0    +0    +0    +0    +0     +0    +0      +0    +0     +0          +0    +0      +0     +0
14  015_AL    운송장비/부품     +270824    2   +16033  629    13    +1    +0    +0    +0     +0    +0      +0    +0     -4          +4    +0      +0     +1
15  016_AL         유통      +36830    2    +2670  782     0    +0    +0    +0    +0     +0    +0      +0    +0     +0          +0    +0      +0     +0
16  017_AL      전기/가스      +81126    2    +3163  406     0    +0    +0    +0    +0     +0    +0      +0    +0     +0          +0    +0      +0     +0
17  018_AL         건설       +6832    2      +29   43     3    +0    +0    +0    +0     +0    +0      +0    +0     +0          +0    +0      +0     +0
18  019_AL      운송/창고     +163316    2      +49    3     5    +0    +0    +0    +0     +0    +0      +0    +0     +0          +0    +0      +0     +0
19  020_AL         통신      +44681    2     +620  141     0    +0    +0    +0    +0     +0    +0      +0    +0     +0          +0    +0      +0     +0
20  021_AL         금융      +49207    2     +406   83     3    -0    +0    +0    +0     +0    +0      +0    +0     +0          +0    +0      +0     -0
21  024_AL         증권     +227625    2     +971   43     0    +0    +0    +0    +0     +0    +0      +0    +0     +0          +0    +0      +0     +0
22  025_AL         보험  -2,219,720    5    -7859  -35     0    +0    +0    +0    +0     +0    +0      +0    +0     +0          +0    +0      +0     +0
23  026_AL      일반서비스     +103973    2    +1361  133     1    +0    +0    +0    +0     +0    +0      +0    +0     +0          +0    +0      +0     +0
24  027_AL         제조     +684290    2   +29161  445  1152  +255    +0    +0    +0   +346    +0      +0   +16   -622          +4    +0      +1   +602
25  028_AL        부동산                3             0     0    +0    +0    +0    +0     +0    +0      +0    +0     +0          +0    +0      +0     +0
26  029_AL     IT 서비스                3             0     0    +0    +0    +0    +0     +0    +0      +0    +0     +0          +0    +0      +0     +0
27  030_AL      오락/문화                3             0     0    +0    +0    +0    +0     +0    +0      +0    +0     +0          +0    +0      +0     +0
