
[전업종지수]
   종목코드        종목명          현재가 대비기호      전일대비    등락률     거래량 비중        거래대금 상한  상승  보합   하락 하한 상장종목수
0   001  종합(KOSPI)    -7,136.98    5   -134.68  -1.85  436753     34,671,436  4  61  14  839  0   948
1   002        대형주    -7,759.66    5   -133.23  -1.69  115476     29,552,562  0   7   1   92  0   100
2   003        중형주    -4,519.89    5   -175.76  -3.74  102547      2,678,466  0   9   0  189  0   200
3   004        소형주    -2,658.77    5    -73.84  -2.70  206702      1,330,047  3  35  10  457  0   533
4   005     음식료/담배    -4,983.14    5    -80.67  -1.59    3192        167,400  0   2   1   42  0    47
5   006      섬유/의류      -242.55    5     -8.45  -3.37    2865          18108  0   0   2   27  0    29
6   007      종이/목재      -239.72    5     -5.40  -2.20    2461           7023  0   0   0   17  0    19
7   008         화학    -4,761.94    5   -187.36  -3.79   28077        957,686  0   8   0  110  0   123
8   009         제약   -14,664.56    5   -326.84  -2.18   49203        422,504  0   1   1   52  0    56
9   010        비금속    -3,906.19    5   -111.06  -2.76   15836          20012  1   2   0   22  0    24
10  011         금속    -8,104.46    5   -449.57  -5.26   20520        662,345  0   8   0   52  0    62
11  012      기계/장비    -3,808.12    5   -157.89  -3.98   29363      1,191,808  0   5   0   24  0    33
12  013      전기/전자  -113,170.74    5  -1531.03  -1.33  107207     22,716,891  3  10   2   69  0    84
13  014    의료/정밀기기    -1,712.72    5    -41.27  -2.35    1597          40235  0   1   0    7  0     8
14  015    운송장비/부품    -6,348.91    5   -109.50  -1.70   20236      2,953,932  0   3   0   59  0    65
15  016         유통      -654.57    5    -27.16  -3.98   25675        515,906  0   4   1   58  0    66
16  017      전기/가스    -1,129.55    5    -71.86  -5.98    3419        121,705  0   0   0   10  0    10
17  018         건설      -184.05    5     -7.10  -3.71   15724        460,022  0   1   2   32  0    37
18  019      운송/창고    -1,968.37    5    -47.34  -2.35   23720        257,285  0   0   0   26  0    26
19  020         통신      -651.13    5     -3.75  -0.57    3066        131,658  0   2   0    3  0     5
20  021         금융    -1,107.16    5    -22.77  -2.02   57509      3,015,944  0   4   4  130  0   141
21  024         증권    -7,268.20    5   -433.39  -5.63   17630        410,113  0   0   0   29  0    30
22  025         보험   -45,464.79    5   -856.64  -1.85   17493        389,144  0   0   0   14  0    14
23  026      일반서비스    -1,424.62    5    -39.24  -2.68    9391        306,090  0   5   0   31  0    36
24  027         제조   -21,325.96    5   -364.33  -1.68  281866     29,161,019  4  42   6  487  0   558
25  028        부동산      -916.79    5    -23.94  -2.54    3561          13934  0   1   0   21  0    26
26  029     IT 서비스    -1,194.48    5    -35.72  -2.90    8761        596,905  0   2   0   24  0    26
27  030      오락/문화    -1,035.19    5    -39.26  -3.65    3251          88851  0   0   1   12  0    13
28  603      변동성지수       -71.62    5     -0.89  -1.23       0              0  0   0   0    0  0     0
29  604   코스피고배당50    -4,793.53    5   -158.69  -3.20   52146     10,605,902  0   0   0    0  0     0
30  605  코스피배당성장50    -7,211.71    5   -257.54  -3.45   20148      4,426,621  0   0   0    0  0     0
