
[업종별주가]
       종목코드               종목명     현재가 전일대비기호   전일대비    등락률   현재거래량    매도호가    매수호가      시가      고가      저가
0    000010             여수밤바다       0      3      0   0.00       0       0       0       0       0       0
1    000020              동화약품   -5900      5   -140  -2.32  162940   -5900   -5870    6040    6040   -5850
2    000040             KR모터스    -358      5    -13  -3.50  154074    -361    -359    -370    +373    -355
3    000050                경방   -9690      5   -510  -5.00   87566   -9720   -9690  +10270  +10270   -9560
4    000070             삼양홀딩스  -58500      5  -1500  -2.50   12381  -58500  -58400  +60500  +61100  -58300
..      ...               ...     ...    ...    ...    ...     ...     ...     ...     ...     ...     ...
995  100840            SNT에너지  -40700      5  -3050  -6.97  153642  -40750  -40700  -42800  -42950  -40350
996  100910     KIWOOM KRX100  -17650      5   -365  -2.03    6817  -17655  -17585   18015  +18365  -17390
997  101140             인바이오젠   +6590      2   +160  +2.49    5115   +6590   +6520   +6450   +6850   -6360
998  101280  KODEX 일본TOPIX100  -30360      5   -295  -0.96    7533  -30360  -30150  +31060  +31060  -30090
999  101530            해태제과식품   -6300      5    -80  -1.25   37411   -6300   -6280   -6370    6380   -6230

[1000 rows x 12 columns]
