
[요약]
         현재가 전일대비기호     전일대비    등락률     거래량        거래대금 거래형성종목수  거래형성비율        시가        고가         저가 상한  상승  보합   하락 하한     52주최고가     52주최고가일 52주최고가대비율  \
0  -7,136.98      5  -134.68  -1.85  436753  34,671,436     914  +96.42  +7324.52  +7324.52  -7,053.84  4  61  14  839  0  +11360.52  20,260,508    -37.18   
1  -7,136.98      5  -134.68  -1.85  436753  34,671,436     914  +96.42  +7324.52  +7324.52  -7,053.84  4  61  14  839  0  +11360.52  20,260,508    -37.18   
2  -7,136.98      5  -134.68  -1.85  436753  34,671,436     914  +96.42  +7324.52  +7324.52  -7,053.84  4  61  14  839  0  +11360.52  20,260,508    -37.18   
3  -7,136.98      5  -134.68  -1.85  436753  34,671,436     914  +96.42  +7324.52  +7324.52  -7,053.84  4  61  14  839  0  +11360.52  20,260,508    -37.18   
4  -7,136.98      5  -134.68  -1.85  436753  34,671,436     914  +96.42  +7324.52  +7324.52  -7,053.84  4  61  14  839  0  +11360.52  20,260,508    -37.18   
5  -7,136.98      5  -134.68  -1.85  436753  34,671,436     914  +96.42  +7324.52  +7324.52  -7,053.84  4  61  14  839  0  +11360.52  20,260,508    -37.18   
6  -7,136.98      5  -134.68  -1.85  436753  34,671,436     914  +96.42  +7324.52  +7324.52  -7,053.84  4  61  14  839  0  +11360.52  20,260,508    -37.18   
7  -7,136.98      5  -134.68  -1.85  436753  34,671,436     914  +96.42  +7324.52  +7324.52  -7,053.84  4  61  14  839  0  +11360.52  20,260,508    -37.18   
8  -7,136.98      5  -134.68  -1.85  436753  34,671,436     914  +96.42  +7324.52  +7324.52  -7,053.84  4  61  14  839  0  +11360.52  20,260,508    -37.18   
9  -7,136.98      5  -134.68  -1.85  436753  34,671,436     914  +96.42  +7324.52  +7324.52  -7,053.84  4  61  14  839  0  +11360.52  20,260,508    -37.18   

      52주최저가     52주최저가일 52주최저가대비율  
0  -1,198.91  20,250,605   +495.29  
1  -1,198.91  20,250,605   +495.29  
2  -1,198.91  20,250,605   +495.29  
3  -1,198.91  20,250,605   +495.29  
4  -1,198.91  20,250,605   +495.29  
5  -1,198.91  20,250,605   +495.29  
6  -1,198.91  20,250,605   +495.29  
7  -1,198.91  20,250,605   +495.29  
8  -1,198.91  20,250,605   +495.29  
9  -1,198.91  20,250,605   +495.29  

[업종현재가_일별반복]
          일자n       현재가n 전일대비기호n    전일대비n   등락률n  누적거래량n
0    20260520  -7,136.98       5  -134.68  -1.85  436753
1    20260519  -7,271.66       5  -244.38  -3.25  533509
2    20260518   +7686.76       2  +193.58  +2.58     178
3    20260515   +7305.53       2   +75.46  +1.04     186
4    20260514   +7230.07       2  +343.37  +4.99     408
..        ...        ...     ...      ...    ...     ...
195  20250725   +3107.66       2   +21.00  +0.68    1124
196  20250724  -3,086.66       5  -103.69  -3.25    5845
197  20250723   +3190.35       2  +117.68  +3.83     713
198  20250722  -3,072.67       5   -52.59  -1.68     766
199  20250721  -3,125.26       5  -145.59  -4.45     906

[200 rows x 6 columns]
