
[요약]
         현재가 전일대비기호     전일대비    등락률     거래량        거래대금 거래형성종목수  거래형성비율        시가        고가         저가 상한  상승  보합   하락 하한     52주최고가     52주최고가일 52주최고가대비율  \
0  -7,138.92      5  -132.74  -1.83  436590  34,662,575     914  +96.42  +7324.52  +7324.52  -7,053.84  4  62  14  838  0  +11360.52  20,260,508    -37.16   
1  -7,138.92      5  -132.74  -1.83  436590  34,662,575     914  +96.42  +7324.52  +7324.52  -7,053.84  4  62  14  838  0  +11360.52  20,260,508    -37.16   
2  -7,138.92      5  -132.74  -1.83  436590  34,662,575     914  +96.42  +7324.52  +7324.52  -7,053.84  4  62  14  838  0  +11360.52  20,260,508    -37.16   
3  -7,138.92      5  -132.74  -1.83  436590  34,662,575     914  +96.42  +7324.52  +7324.52  -7,053.84  4  62  14  838  0  +11360.52  20,260,508    -37.16   
4  -7,138.92      5  -132.74  -1.83  436590  34,662,575     914  +96.42  +7324.52  +7324.52  -7,053.84  4  62  14  838  0  +11360.52  20,260,508    -37.16   
5  -7,138.92      5  -132.74  -1.83  436590  34,662,575     914  +96.42  +7324.52  +7324.52  -7,053.84  4  62  14  838  0  +11360.52  20,260,508    -37.16   
6  -7,138.92      5  -132.74  -1.83  436590  34,662,575     914  +96.42  +7324.52  +7324.52  -7,053.84  4  62  14  838  0  +11360.52  20,260,508    -37.16   
7  -7,138.92      5  -132.74  -1.83  436590  34,662,575     914  +96.42  +7324.52  +7324.52  -7,053.84  4  62  14  838  0  +11360.52  20,260,508    -37.16   
8  -7,138.92      5  -132.74  -1.83  436590  34,662,575     914  +96.42  +7324.52  +7324.52  -7,053.84  4  62  14  838  0  +11360.52  20,260,508    -37.16   
9  -7,138.92      5  -132.74  -1.83  436590  34,662,575     914  +96.42  +7324.52  +7324.52  -7,053.84  4  62  14  838  0  +11360.52  20,260,508    -37.16   

      52주최저가     52주최저가일 52주최저가대비율  
0  -1,198.91  20,250,605   +495.45  
1  -1,198.91  20,250,605   +495.45  
2  -1,198.91  20,250,605   +495.45  
3  -1,198.91  20,250,605   +495.45  
4  -1,198.91  20,250,605   +495.45  
5  -1,198.91  20,250,605   +495.45  
6  -1,198.91  20,250,605   +495.45  
7  -1,198.91  20,250,605   +495.45  
8  -1,198.91  20,250,605   +495.45  
9  -1,198.91  20,250,605   +495.45  

[업종현재가_시간별]
        시간n       현재가n 전일대비기호n    전일대비n   등락률n 거래량n  누적거래량n
0    144720  -7,138.92       5  -132.74  -1.83  122  436590
1    144710  -7,133.26       5  -138.40  -1.90  129  436468
2    144700  -7,132.22       5  -139.44  -1.92  193  436339
3    144650  -7,132.53       5  -139.13  -1.91  112  436146
4    144640  -7,135.06       5  -136.60  -1.88   80  436034
..      ...        ...     ...      ...    ...  ...     ...
195  141450  -7,124.90       5  -146.76  -2.02   92  411132
196  141440  -7,126.03       5  -145.63  -2.00  115  411040
197  141430  -7,129.88       5  -141.78  -1.95  156  410925
198  141420  -7,122.62       5  -149.04  -2.05  116  410769
199  141410  -7,123.22       5  -148.44  -2.04  107  410653

[200 rows x 7 columns]
