
[주식외국인]
           일자        종가    전일대비       거래량         변동수량       보유주식수      비중        취득가능주식수       외국인한도 외국인한도증감   한도소진률
0    20260520  -271,000   -4500  29016428            0  2830968525  +48.42  3,015,310,083  5846278608       0  +48.42
1    20260519  -275,500   -5500  30767569  -10,795,428  2830968525  +48.42  3,015,310,083  5846278608       0  +48.42
2    20260518   +351500  +81000     12184  147,653,139  2994037864  +51.21  2,852,240,744  5846278608       0  +51.21
3    20260515  -266,000  -49000      6804   -9,773,634  2846384725  +48.69  2,999,893,883  5846278608       0  +48.69
4    20260514   315,000       0         0  139,478,218  2994042893  +51.21  2,852,235,715  5846278608       0  +51.21
..        ...       ...     ...       ...          ...         ...     ...            ...         ...     ...     ...
495  20240328    +80800   +1000  25084812    4,983,972  3294357985  +55.18  2,675,424,565  5969782550       0  +55.18
496  20240327    -79800    -100  17424595    2,112,963  3289374013  +55.10  2,680,408,537  5969782550       0  +55.10
497  20240326    +79900   +1700  30551494    7,040,157  3287261050  +55.07  2,682,521,500  5969782550       0  +55.07
498  20240325    -78200    -700  18703996    1,171,508  3280220893  +54.95  2,689,561,657  5969782550       0  +54.95
499  20240322    -78900    -400  26724761    4,736,461  3279049385  +54.93  2,690,733,165  5969782550       0  +54.93

[500 rows x 11 columns]
