
[기관외국인연속매매현황]
       순위    종목코드                      종목명 기간중주가등락률   기관순매매금액      기관순매매량 기관계연속순매수일수   기관계연속순매수량 기관계연속순매수금액     외국인순매매량  외국인순매매액 외국인연속순매수일수   외국인연속순매수량  \
0       1  252670         KODEX 200선물인버스2X   +10.34    +90390  +727523883         +1  +727523883     +90390  +283052982   +34814         +1  +283052982   
1       2  454910                   두산로보틱스   -20.27  --375666   --3497319         -1   --3497319   --375666    +4173305  +453177         +1    +4173305   
2       3  012450                한화에어로스페이스    -2.66    +51746      +39872         +1      +39872     +51746      +17264   +22884         +1      +17264   
3       4  114800                KODEX 인버스    +5.05    +68829   +59243903         +1   +59243903     +68829    +1028092     +968         +1    +1028092   
4       5  079550           LIG디펜스앤에어로스페이스    -3.83    +39809      +45342         +1      +45342     +39809       +9828    +8602         +1       +9828   
..    ...     ...                      ...      ...       ...         ...        ...         ...        ...         ...      ...        ...         ...   
995   996  027970                     한국제지     0.00        +0        +383         +1        +383         +0       +4240       +3         +1       +4240   
996   997  483030  KIWOOM 미국블록버스터바이오테크의약품+    +2.85        +3        +285         +1        +285         +3          +0       -0         -1         --4   
997   998  449680          TIGER 한중전기차(합성)     0.00        +3        +226         +1        +226         +3          +0       +0         -1         --1   
998   999  411860             KIWOOM 독일DAX    -0.25        +3        +177         +1        +177         +3          +0       -0         +4         +51   
999  1000  276000    TIGER 글로벌자원생산기업(합성 H)    -4.14        +3        +128         +1        +128         +3         +19       +0         +1         +19   

    외국인연속순매수금액         순매매량     순매매액 합계연속순매수일수    합계연속순매매수량 합계연속순매수금액  
0       +34814  +1010576865  +125204        +1  +1010576865   +125204  
1      +453177      +675986   +77511        +1      +675986    +77511  
2       +22884       +57136   +74630        +1       +57136    +74630  
3         +968    +60271995   +69797        +1    +60271995    +69797  
4        +8602       +55170   +48411        +1       +55170    +48411  
..         ...          ...      ...       ...          ...       ...  
995         +3        +4623       +3        +1        +4623        +3  
996         -0         +285       +3        +1         +285        +3  
997         -0         +226       +3        +1         +226        +3  
998         +1         +177       +3        +1         +177        +3  
999         +0         +147       +3        +1         +147        +3  

[1000 rows x 19 columns]
