
[금현물투자자현황]
   투자자별 매도 수량(천) 투자자별 매도 수량 증감(천) 투자자별 매도 금액(억) 투자자별 매도 금액 증감(억) 투자자별 매수 수량(천) 투자자별 매수 수량 증감(천) 투자자별 매수 금액(억) 투자자별 매수 금액 증감(억) 투자자별 순매수 수량(천)  \
0             36                0            80                0            17                0            38                1            -19   
1              0                0             0                0             0                0             0                0              0   
2             30                3            68                6            31                0            69                0              1   
3             29                3            65                6            30                0            66                0              1   
4              0                0             0                0             0                0             0                0              0   
5              0                0             0                0             0                0             0                0              0   
6              0                0             0                0             0                0             0                0              0   
7              1                0             3                0             1                0             3                0              0   
8              0                0             0                0             0                0             0                0              0   
9              0                0             0                0             0                0             0                0              0   
10             0                0             0                0             0                0             0                0              0   
11             7                0            16                0            26                3            57                5             19   
12             0                0             0                0             0                0             0                0              0   

   투자자별 순매수 수량 증감(천) 투자자별 순매수 금액(억) 투자자별 순매수 금액 증감(억) 투자자별 매도 단가 투자자별 매수 단가 투자자 구분명 누적 순매수 금액(억) 누적 순매수 수량(천)  투자자 코드  
0                  0            -41                 1        441        451      개인          -41          -19  T94008  
1                  0              0                 0          0          0     외국인            0            0  T94009  
2                 -3              0                -6        455        442     기관계            0            1  T94014  
3                 -3              1                -6        447        438      증권            1            1  T94001  
4                  0              0                 0          0          0      보험            0            0  T94002  
5                  0              0                 0          0          0      투신            0            0  T94003  
6                  0              0                 0          0          0      종금            0            0  T94005  
7                  0             -1                 0        680        545      은행           -1            0  T94004  
8                  0              0                 0          0          0      기금            0            0  T94006  
9                  0              0                 0          0          0    사모펀드            0            0  T94013  
10                 0              0                 0          0          0      국가            0            0  T94012  
11                 3             41                 5        455        437      기타           41           19  T94007  
12                 0              0                 0          0          0    내대외인            0            0  T94010
