
[요약]
     종목코드
0  005930

[주식주봉차트조회]
        현재가       거래량               거래대금        일자       시가       고가       저가     전일대비 전일대비기호  거래회전율
0   429,500    409056     85,326,353,300  20250901  312,000  429,500  117,600  +189500      2  +0.01
1   240,000  56507557  8,041,234,227,050  20250825    74000  240,000    59500  +156000      2  +0.95
2     84000   1429257     94,368,530,350  20250818    71700    93200    35200   +12300      2  +0.02
3     71700    990148     72,545,444,500  20250811    73000  135,500    50400   -18700      5  +0.02
4     90400    605405     42,328,970,200  20250804    70000    91600    49000   +34700      2  +0.01
5     55700   2161418    127,297,594,600  20250728    66200  103,300    46200   -33900      5  +0.04
6     89600   1397507    116,427,035,750  20250721    75000    97500    65900   +14600      2  +0.02
7     75000   2206860    137,583,828,150  20250714    29900    87100    29900   +32300      2  +0.04
8     42700    547212     34,541,340,650  20250707    50000  106,800    42700   -30000      5  +0.01
9     72700    198991     12,958,083,500  20250630    48900  102,900    48900    +2900      2  +0.00
10    69800   2227801    118,723,484,300  20250623    52900    90000    41300   +10100      2  +0.04
11    59700   3973954    214,203,764,525  20250616    53700    77500    39500   +56725      2  +0.07
12     2975   2632838      7,642,774,149  20250609     2540     4000     1605     -235      5  +0.04
13     3210     55662        127,182,547  20250605     1997     3210     1730        0      2  +0.00
