
[종목별투자자기관별차트]
           일자     현재가    전일대비      누적거래대금   개인투자자  외국인투자자      기관계      금융투자      보험      투신   기타금융     은행    연기금등    사모펀드 국가   기타법인 내외국인
0    20241107  +58000    +700   1,105,104    1589  -61780    60190     25514       0       0  34613      4       0      58  0      0    1
1    20241106  +74800  +17200     435,771     -14      -7       20        87       0      -2    -14    -51       1       0  0      0    0
2    20241105  +65000   +6300     214,670    6814   -6754      -59         7     -35     -13    -19      1       0       0  0      0    0
3    20241101  +59700    +200       42135     447       2     -450      -467       0       0      0      1       0      15  0      1    0
4    20241031  +60100    +600     172,518    -127    1585    -1867     -1977       6      -6      0     98       0      12  0    410    0
..        ...     ...     ...         ...     ...     ...      ...       ...     ...     ...    ...    ...     ...     ... ..    ...  ...
995  20200826   56400       0  17,651,593  112375   63449  -181062  -111,945   -6546  -14434    960    996  -51201    1108  0   4793  445
996  20200825  +56400    +300  14,021,705   43313   16766   -66300    -53142   12901  -20429    938    -61   -4066   -2442  0   6186   34
997  20200824  +56100    +200  15,055,896   47064    9836   -66929     -8632   -1875  -24627    -22   1573  -26965   -6381  0   9831  198
998  20200821  +55900    +500  21,142,288   26476   64290   -88684      -305    4688  -43166     78     25  -55599    5592  0  -2482  400
999  20200820  -55400   -2400  30,386,029  315453  -22261  -296138  -152,362  -33960  -39175   -618  -1093  -52009  -16921  0   2350  596

[1000 rows x 17 columns]
