
[요약]
     종목코드
0  005930

[주식일봉차트조회]
        현재가      거래량   거래대금        일자       시가       고가       저가    전일대비 전일대비기호  거래회전율
0     89900    12222   1070  20250908    71600    90300    61400  +20400      2  +0.00
1   429,500    26049   8632  20250905  234,000  429,500  231,500  +99000      1  +0.00
2   330,500    17348   4472  20250904  367,500  367,500  198,500  +47500      2  +0.00
3   283,000   286431  59321  20250903  220,000  283,000  153,000  +65000      1  +0.00
4   218,000    65642   9775  20250902  151,000  218,000  117,600  +50000      1  +0.00
..      ...      ...    ...       ...      ...      ...      ...     ...    ...    ...
61     2290  1910322   5807  20250612     2975     3505     2100    -705      5  +0.03
62     2995   266842    800  20250611     2980     3085     2935      +5      2  +0.00
63     2990    75555    185  20250610     2275     2990     2275    +690      1  +0.00
64     2300    63510    160  20250609     2540     4000     2250    -910      5  +0.00
65     3210    55662    127  20250605     1997     3210     1730    +740      1  +0.00

[66 rows x 10 columns]
