
[요약]
  업종코드
0  001

[업종분봉조회]
         현재가 거래량            체결시간       시가       고가       저가 누적거래량     전일대비 전일대비 기호
0    +574405  22  20260202150000  +572675  +574405  +572675   692   +69033       2
1    +572705   1  20260202145000  +572705  +572705  +572705   670   +67333       2
2    +572707   3  20260202144500  +572718  +572718  +572707   669   +67335       2
3    +567949   1  20260202144000  +567949  +567949  +567949   666   +62577       2
4    +567603   8  20260202143500  +567608  +567608  +567603   665   +62231       2
..       ...  ..             ...      ...      ...      ...   ...      ...     ...
201  +409464   1  20260126114500  +409464  +409464  +409464    85  +409464       2
202  +409333   1  20260126114000  +409333  +409333  +409333    84  +409333       2
203  +409189   1  20260126113500  +409189  +409189  +409189    83  +409189       2
204  +409175  13  20260126113000  +409175  +409175  +409175    82  +409175       2
205  +389401  69  20260126110000  +491992  +491992  +389217    69  +389401       2

[206 rows x 9 columns]
