
[요약]
  업종코드
0  001

[업종일봉조회]
        현재가    거래량        일자       시가       고가       저가     거래대금
0   580,561    903  20250905  506,692  581,026  410,814    77894
1   506,273    761  20250904  477,790  544,935  407,212    32048
2   477,782    565  20250903  458,304  499,455  376,285    91635
3   456,483    425  20250902  415,155  456,483  370,665    21915
4   417,255    454  20250901  460,842  526,099  399,716    22991
..      ...    ...       ...      ...      ...      ...      ...
60  136,822   9834  20250612  139,415  139,426  136,548  545,565
61  139,494  21291  20250611  135,503  139,797  135,371    85374
62  135,781  22583  20250610  134,917  135,838  134,292    36850
63  134,862   6165  20250609  129,556  136,059  122,497    11369
64  129,561  50816  20250605  126,825  133,263  119,891    57173

[65 rows x 7 columns]
