
[금현물분봉차트조회]
        현재가   전일대비 누적거래량  거래량        시가       고가        저가            체결시간              일자 전일대비기호
0   218,310     10     3    2   218,310  218,310   218,310  20260520131900  20260520131900       
1   218,320     20     1    1   218,320  218,320   218,320  20260520125000  20260520125000       
2   218,300    100     3    3   +218350  +218350   218,300  20260519143600  20260519143600       
3   210,030     30    11    1   210,030  210,030   210,030  20260518153500  20260518153500       
4   210,030     30    10    1   210,030  210,030   210,030  20260518143600  20260518143600       
5   209,980     20     9    4   +210020  +210020   209,980  20260518132700  20260518132700       
6   210,000      0     5    5   210,000  210,000   210,000  20260518132600  20260518132600       
7   210,000      0   210  186   210,000  210,000   210,000  20260514142300  20260514142300       
8   210,000      0    24   10   210,000  210,000   210,000  20260514142200  20260514142200       
9   210,000      0    14   10   210,000  210,000   210,000  20260514135600  20260514135600       
10  210,000      0     4    4   210,000  210,000   210,000  20260514125700  20260514125700       
11  210,000      0     7    6   210,000  210,000   210,000  20260513151700  20260513151700       
12  224,530  14530     1    1   224,530  224,530   224,530  20260513122900  20260513122900       
13  210,000      0     2    1   210,000  210,000   210,000  20260512133300  20260512133300       
14  210,000      0     1    1   210,000  210,000   210,000  20260512120000  20260512120000       
15  200,000  16000   136   10   200,000  200,000   200,000  20260508143500  20260508143500       
16  200,000  16000   126   11   200,000  200,000   200,000  20260508143100  20260508143100       
17  200,000  16000   115   10   200,000  200,000   200,000  20260508140100  20260508140100       
18  200,000  16000   105   90   200,000  200,000   200,000  20260508134100  20260508134100       
19  210,000  26000    15   15   210,000  210,000   210,000  20260508125900  20260508125900       
20  200,000  20000    96   96   +220000  +220000   200,000  20260507150000  20260507150000       
21  200,000      0     1    1   200,000  200,000   200,000  20260506143500  20260506143500       
22  217,810  17810   202    1   217,810  217,810   217,810  20260504143500  20260504143500       
23  217,810  17810   201  200   217,810  217,810   217,810  20260504140500  20260504140500       
24  200,000      0     1    1   200,000  200,000   200,000  20260504135900  20260504135900       
25  216,640  16640   118  112   216,640  216,640   216,640  20260430145600  20260430145600       
26  250,000  50000     6    5  -230,000  250,000  -230,000  20260430125500  20260430125500       
27  250,000  50000     1    1   250,000  250,000   250,000  20260430120600  20260430120600       
28  200,000  60000    10    8   200,000  200,000   200,000  20260429130400  20260429130400       
29  200,000  60000     2    2   200,000  200,000   200,000  20260429130300  20260429130300       
30  240,000  20000    62   50   240,000  240,000   240,000  20260428143600  20260428143600       
31  250,000  10000    12   12   +260000  +260000   250,000  20260428142400  20260428142400       
32  260,000  10000    19    5   260,000  260,000   260,000  20260427135700  20260427135700       
33  250,000      0    14   11   250,000  250,000   250,000  20260427133400  20260427133400       
34  250,000      0     3    3   250,000  250,000   250,000  20260427133100  20260427133100       
35  222,000   5900    46   22   +226580  +226580   222,000  20260424144000  20260424144000       
36  222,340   5560    24    1   222,340  222,340   222,340  20260424141400  20260424141400       
37  222,340   5560    23    1   222,340  222,340   222,340  20260424141200  20260424141200       
38  222,340   5560    22    2   222,340  222,340   222,340  20260424140700  20260424140700       
39  222,340   5560    20    1   222,340  222,340   222,340  20260424140600  20260424140600       
40  222,340   5560    19   10  -222,140  222,340  -222,140  20260424140500  20260424140500       
41  222,340   5560     9    1   222,340  222,340   222,340  20260424140200  20260424140200       
42  222,340   5560     8    2   222,340  222,340   222,340  20260424140100  20260424140100       
43  226,780   1120     6    4   +250000  +250000   226,780  20260424135800  20260424135800       
44  227,900      0     2    2   227,900  227,900   227,900  20260424124900  20260424124900       
45  225,540  24460     6    3   225,540  225,540   225,540  20260422144200  20260422144200       
46  225,680  24320     3    3   +250000  +250000   225,680  20260422141300  20260422141300       
47  250,000  22670   234   18   250,000  250,000   250,000  20260421144200  20260421144200       
48  230,000   2670   216  200   230,000  230,000   230,000  20260421133800  20260421133800       
49  250,000  22670    16    5   250,000  250,000   250,000  20260421131300  20260421131300       
50  250,000  22670    11   10   250,000  250,000   250,000  20260421123000  20260421123000       
51  227,330      0     1    1   227,330  227,330   227,330  20260421121400  20260421121400       
52  227,330    650   181  179   227,330  227,330   227,330  20260420154400  20260420154400       
53  227,980      0     2    2   227,980  227,980   227,980  20260420135200  20260420135200
