
[금현물일봉차트조회]
        현재가  누적 거래량    누적 거래대금       시가       고가       저가              일자
0   210,000    3017  6,636,282  210,000  218,350  209,980  20260518000000
1   210,000     219  4,600,453  210,000  224,530  210,000  20260511000000
2   200,000     435  8,979,103  200,000  220,000  184,000  20260504000000
3   200,000     219  4,998,180  250,000  260,000  200,000  20260427000000
4   250,000     467  1,078,640  227,980  250,000  222,000  20260420000000
5   227,980    3564  7,914,104  226,860  228,950  169,000  20260413000000
6   226,860    1086  2,429,248  130,000  250,000  130,000  20260406000000
7   100,000     506  5,037,839  200,010  211,010    98070  20260330000000
8   200,000   16415  3,543,787  274,300  274,300  200,000  20260323000000
9   211,000   22352  4,783,707  199,000  250,050  198,000  20260316000000
10  222,000    8105  1,174,251  130,000  224,900  120,000  20260309000000
11  122,650    6392  1,452,721  220,000  270,000  122,000  20260303000000
12  250,000  156861  3,921,316  305,500  305,500  237,570  20260223000000
13  235,000     145  3,429,024  232,840  260,000  232,070  20260219000000
14  255,030   28847  7,306,367  299,360  388,700  209,510  20260209000000
15  230,280    4517  1,153,028  266,770  337,320  230,280  20260202000000
16  266,770   13908  3,716,019  275,880  285,000  227,160  20260126000000
17  250,800     275  6,228,515  210,000  250,800  201,000  20260119000000
18  201,000    5810  1,187,534  215,810  220,610  195,000  20260112000000
19  210,000   10745  2,361,002  211,380  230,000  209,280  20260105000000
20  206,160      13  2,668,950  210,900  210,900  200,340  20251229000000
21  216,820      21  4,596,210  220,000  220,000  214,950  20251223000000
22  206,410  101194  2,025,166  254,000  254,000  200,000  20251215000000
23  230,980    3353  7,087,366  202,170  231,000  199,650  20251208000000
24  202,160    4157  8,331,200  190,000  202,160  190,000  20251201000000
25  200,000    8216  1,634,279  200,000  200,000  192,610  20251124000000
26  200,000     771  1,510,466  183,980  201,030  183,980  20251117000000
27  183,980   10072  2,014,168  200,000  210,000  183,980  20251110000000
28  200,000      30  6,370,060  182,500  220,000  182,500  20251103000000
29  182,500     575  1,054,587  194,620  194,660  182,500  20251027000000
30  194,600    4839  8,845,196  189,000  200,000  161,980  20251020000000
31  189,000    7737  1,460,358  180,000  210,000  180,000  20251013000000
32  180,000       0          0  180,000  180,000  180,000  20251010000000
33  180,000     428  7,725,867  190,000  193,060  171,940  20250929000000
