
[금현물틱차트조회]
         현재가   전일대비 거래량       시가       고가       저가            체결시간              일자 전일대비기호
0    218,310     10   1  218,310  218,310  218,310  20260520131910  20260520131910      2
1    218,310     10   1  218,310  218,310  218,310  20260520131907  20260520131907      2
2    218,320     20   1  218,320  218,320  218,320  20260520125047  20260520125047      2
3    218,300    100   1  218,300  218,300  218,300  20260519143632  20260519143632      2
4    218,340    140   1  218,340  218,340  218,340  20260519143632  20260519143632      2
..       ...    ...  ..      ...      ...      ...             ...             ...    ...
114  225,680  24320   1  225,680  225,680  225,680  20260422144720  20260422144720      5
115  225,540  24460   2  225,540  225,540  225,540  20260422144224  20260422144224      5
116  225,680  24320   1  225,680  225,680  225,680  20260422141339  20260422141339      5
117  250,000      0   1  250,000  250,000  250,000  20260422141333  20260422141333      3
118  250,000      0   1  250,000  250,000  250,000  20260422141323  20260422141323      3

[119 rows x 9 columns]
