
[금현물일봉차트조회]
         현재가 누적 거래량 누적 거래대금       시가       고가       저가        일자 전일대비기호
0    210,000      0       0  210,000  210,000  210,000  20260522      0
1    218,310      0       0  218,310  218,310  218,310  20260521      0
2    218,310   2003     441  218,320  218,320  218,310  20260520      2
3    218,300   1003     221  218,350  218,350  218,300  20260519      2
4    218,200     11       2  210,000  218,200  209,980  20260518      2
..       ...    ...     ...      ...      ...      ...       ...    ...
150  180,000      0       0  180,000  180,000  180,000  20251010      0
151  180,000    380      68  180,000  180,000  180,000  20251002      3
152  180,000     37       7  193,000  193,060  180,000  20251001      5
153  192,980      9       2  171,940  192,980  171,940  20250930      2
154  190,000      2       0  190,000  190,000  190,000  20250929      2

[155 rows x 8 columns]
